function [x] = aesValue()
x = [ 1004383941; 4092912548; 684281775; 316533343; 3110797139; 2019039052; 1025738199; 4212552700; 707956880; 3677345480; 2065345598; 1375126999; 860289741; 274328594; 2380184679; 380726854; 826287732; 1571762635; 686939169; 3803518266; 1287700531; 799600478; 4248319229; 4150250123; 4231498822; 1392413656; 448893298; 4287379478; 4271194748; 3452459802; 1853267084; 2010237266; 1318343247; 1394432218; 1869554434; 2188468001; 744654692; 445041977; 1538785372; 2348413310; 2337453192; 3321456688; 1835341542; 4272997897; 783588493; 3893218830; 1970104732; 4095673231; 570052900; 3904462853; 733842321; 2559104380; 1534218576; 1907151778; 2587452190; 3859607905; 3336279269; 886732053; 2590411587; 1459800429; 728657746; 3653406961; 1381060091; 202783393; 2551626176; 3014100980; 3792119950; 2595539291; 1653538171; 665603864; 1514349753; 4065328742; 2677864220; 1659047671; 1207090316; 314650720; 2795330118; 4254379309; 554450676; 2568332955; 657694289; 928482694; 2587264199; 187082891; 1570770617; 107717149; 3837910908; 3755190751; 892573930; 1936602144; 1350014797; 3488030373; 1339465522; 4130235758; 3528368758; 641284449; 1065680503; 465197136; 1093989937; 1066375684; 44140825; 2994282527; 3492488571; 75950873; 3076147412; 4014115192; 1712464275; 1412126034; 1891869579; 2267140837; 4244599494; 4125849892; 2137457173; 4158582033; 3094259417; 3968973609; 2951183791; 3841016916; 4221476704; 4202733865; 3065935483; 1608305399; 2260136102; 4085994227; 2281410626; 1848718582; 4115211190; 4152663114; 1646372969; 2025219957; 1154458833; 3043915265; 3069513191; 1218218200; 2876082160; 841793178; 2721141835; 742498488; 290045314; 3034184189; 2481342901; 1055465159; 4191297342; 4115618436; 3698194841; 3274804405; 172101974; 3341367245; 983521366; 3940826402; 867971316; 837589329; 1380607031; 1339064479; 2773896229; 1463707542; 3820889865; 2178314268; 1167391690; 926620189; 3699308433; 3215214606; 3430488079; 629090959; 1687998994; 3239339103; 138470760; 628319382; 2360850075; 618200288; 3852344696; 227034192; 1588500527; 101024311; 2557595041; 730417766; 1821106807; 2405503985; 2634854875; 2302813939; 2927139427; 2413032914; 3304553368; 37169624; 1362591002; 1362422909; 3505612090; 3343518433; 3670630664; 2417931062; 2997891182; 912350728; 1134971453; 882571090; 3159148503; 2277285473; 4288078147; 3771836749; 1596001508; 2579519276; 1190602455; 2163762263; 737556214; 3182740369; 1628087648; 3963569770; 593620928; 2811112086; 69665163; 3164217281; 683974808; 203615534; 2273886318; 3099667988; 1038858508; 4142092036; 3380391247; 3949155446; 3180540683; 3941216841; 3350914376; 2141358184; 1729904997; 1341936701; 473227023; 151417486; 440777434; 828481344; 1745751867; 1857707144; 2917819419; 4088772749; 3235909797; 3778019820; 3374457097; 318750994; 1270170709; 1477187933; 3650948365; 1197115757; 47345808; 1633996646; 1854971250; 2451800232; 1479791644; 341101324; 2605904987; 756562186; 3621970629; 3027954443; 1359826606; 2204600737; 1128674248; 3265772895; 1127236522; 507516663; 1541312169; 3065958534; 1252528371; 4020719754; 3712358379; 847295213; 1827961461; 920120084; 1231065005; 464010430; 3564898945; 1933637723; 1758023099; 3635246058; 2875834697; 3160926235; 651727631; 4061465612; 3782123558; 3915957306; 91925059; 852463480; 544037830; 3783811158; 4058648697; 2061669065; 1338610559; 1107909720; 1233189547; 1698196645; 3955373927; 269446870; 2932094575; 1655229529; 2765052703; 3971088229; 2929024338; 4200232172; 1598903852; 1568382151; 3942769220; 3016365803; 1887217753; 356819483; 3722614567; 4088939811; 1279323096; 163055957; 4139982157; 1597661780; 2075798505; 3449222980; 3161172907; 2841424129; 3267488666; 2037714953; 4080229867; 3665386322; 3850900578; 2428338771; 851379764; 2830205068; 1253523942; 1261674555; 2033501728; 2819256297; 517524898; 1187887872; 3193867969; 586834909; 2474884220; 1196413391; 3088117865; 737873238; 4045431453; 464882947; 2851726459; 2105484823; 119062439; 3859054401; 2339664214; 924821483; 84016286; 332459124; 4194833947; 2180788806; 1503526948; 1937299368; 1394362971; 709873404; 797053961; 3438488469; 3571305915; 885416249; 1210848790; 1415798862; 2888057413; 1253158762; 2127663755; 2724096919; 209764831; 2080236846; 2290904184; 4220219106; 1040068704; 3271161769; 1694445369; 3317097719; 4057433776; 1236124734; 490222323; 4230520564; 1396681910; 1169517003; 3212809105; 2693144970; 742077595; 692428354; 2974492262; 1899067850; 3399105673; 1243267362; 2648220175; 1272901013; 1867132844; 2980203614; 2297283062; 765026403; 1327687113; 3625920917; 3516688452; 3005384732; 4245862377; 4011452644; 2432354570; 11809178; 2492362677; 515854356; 2887596825; 486499594; 660471428; 1675837496; 3335412003; 1109330385; 1274981093; 2333070651; 2529997232; 3853023179; 2296142805; 1564492739; 674379538; 2639221832; 2336698230; 1290655496; 3682813004; 2517680730; 3810841889; 3108628213; 3481713216; 4102867657; 1671181154; 1151292825; 776635811; 3664115951; 993253044; 1797182941; 652285918; 2647811147; 4271017748; 1177056153; 1483044029; 1072238488; 571506622; 3968041567; 3707480121; 4045912662; 1034416063; 2848103950; 890643438; 2363962331; 718191773; 2178174706; 2022297280; 850065715; 1954303272; 2465080227; 1582097130; 853787781; 3496758482; 2273710669; 906648489; 2588409387; 4117254858; 2074416615; 154403002; 1629634100; 3811567027; 844505145; 904814309; 4045699301; 3516939843; 2069072438; 2860739742; 803966679; 2391698183; 2114032471; 1369607342; 3803409149; 605029022; 336219341; 1987767884; 587975572; 1563146643; 1815578654; 3689582983; 612488222; 2397216734; 3817643994; 3152620798; 3065541474; 3035247191; 880270709; 4102921626; 3986349076; 1217270919; 2389912717; 62679295; 3195230302; 2043327872; 1633669527; 941141327; 2647617558; 4117378603; 1741925215; 1199119081; 9822154; 1807566375; 268197501; 2016950652; 2173163209; 862720824; 285210092; 3004650757; 2348116079; 1396162276; 1159060892; 357596683; 2503509660; 2799758130; 1457738433; 1975546763; 1276504998; 673820520; 2137742693; 3035309888; 471798176; 2408707358; 1868910680; 2736549379; 2532842683; 459579531; 1377060188; 2955585738; 2670702874; 1999492531; 732523372; 964877318; 2796302612; 829427760; 615268919; 1322537437; 2605401146; 2723371578; 3214370570; 1127100877; 266500452; 2026815386; 2309405761; 2491173225; 3098162628; 2038166289; 2410043214; 3711353052; 227881824; 3762123296; 135065743; 1158425962; 1709166668; 2879579161; 3740239847; 933260619; 4187711436; 3810422075; 3536065832; 954916363; 651011126; 3129087294; 742144967; 3947017599; 543460640; 1843482095; 3464507034; 370392854; 1689637883; 720909818; 4283681850; 796795233; 134239166; 382250360; 4121040449; 1044687022; 3932482845; 324426613; 214399369; 31760365; 10335732; 3794800844; 1270463904; 2839460977; 1022618099; 3410456823; 233764453; 1910098765; 3459382260; 1502068574; 2882729943; 470115190; 3955345008; 1715833571; 522426617; 1640034926; 984596016; 730290406; 1856398313; 157660302; 1993040301; 971829859; 571229173; 2592030873; 4174717083; 407407021; 4229152987; 3346946422; 1063485164; 2244770020; 4093997987; 827928226; 3874938885; 4091278660; 3475180074; 1049775550; 3458801155; 1158773195; 1349322634; 2784853697; 451886286; 1158167286; 3112002553; 3341554508; 1043841711; 3406031964; 4257556538; 1879625537; 2884951231; 3131168952; 3553842458; 348398666; 2197067812; 2019258198; 2889234160; 502582489; 1381814331; 3919207769; 3865508805; 875997442; 2602175635; 425646378; 2269484676; 2554125465; 3491782289; 1104290995; 3901167553; 1649359452; 3359368074; 1234968270; 3633924589; 1525613439; 410762049; 4232119950; 3877498956; 2699734760; 3185403449; 1892178403; 4051073441; 1082286848; 2184726666; 1142786664; 3960530113; 3778705917; 2354608965; 948899859; 2333101045; 3525151882; 1624121856; 3483260583; 3073940772; 4199315168; 3973495624; 886068472; 2273881019; 731548278; 1060650407; 2962186894; 3241837778; 4095634735; 882506186; 1456029013; 2467656437; 52374777; 932845776; 471609129; 4274364655; 1613029817; 