function [x] = aesValue()
x = [ 1707110260; 2924026102; 4177526831; 4164962725; 2786001733; 3104100239; 1487372500; 64592868; 4010611181; 866950745; 3687696123; 3283131957; 2905190711; 2133883977; 1186408587; 3490882641; 1500259168; 2808648746; 2416193486; 460377607; 3169644059; 3618138870; 209945287; 1664521406; 1358526190; 2567463474; 951181965; 3267378076; 2215576979; 1124670142; 134334538; 3025266429; 44218752; 2376821484; 334532768; 528438795; 3802068310; 206015097; 1485542380; 2912718600; 4012042010; 59844758; 2344883418; 3870377732; 1995189485; 3282153585; 536826205; 786201699; 1018768634; 212419232; 96147828; 942004432; 3364689883; 2625948856; 3622712486; 4290484202; 307156466; 3551115079; 2447779534; 2012535534; 548181252; 1938086562; 986898468; 2931071180; 2549201192; 1806681324; 1236356327; 162272769; 3710113418; 2474360098; 1444308306; 3540871047; 3795774742; 1322266427; 2205010477; 2264705749; 2223704619; 3133712064; 1926905747; 1202852840; 4072098578; 2397978337; 349788001; 1407265622; 3810748820; 3637328479; 646554478; 2537540784; 2326073784; 256350341; 4193637448; 3876356030; 1847372232; 398306819; 3079954181; 1335737527; 2520064947; 2028902872; 2002563748; 1872526466; 980464816; 4072305015; 1475089140; 539683983; 3295431666; 2233725805; 2661431322; 3821106860; 1665219095; 2531867539; 4273705362; 1879200846; 2438956624; 2282809124; 4000535737; 1584578603; 3197339372; 2914226040; 3598068755; 1613174749; 3307341231; 1612114640; 3400467901; 1895991411; 3110997353; 2871926076; 3526875387; 3999212566; 1476360895; 2257292648; 4257943731; 1275465982; 637790534; 2656442589; 1598629852; 3984028614; 3094478171; 2576198752; 1951437548; 3487940546; 4150078248; 2771114619; 2444413807; 3381866955; 3563637255; 45890269; 2447606529; 1504515873; 579645381; 1166028049; 302802264; 3052256217; 1304240385; 3110108889; 3065888125; 2902432387; 1440917613; 3745323430; 1868597493; 3018017644; 1368201638; 4044530494; 3156823296; 1397742087; 1628205597; 4152012136; 1392211149; 4209564918; 4236177678; 2804341731; 2190535623; 2052801137; 2363187017; 2566816278; 3515230431; 35610883; 3505845635; 3407319469; 213824853; 1600299353; 617104602; 3566186453; 2966982852; 3132987581; 4193787102; 513599217; 1635977680; 4048218591; 3761518297; 470317546; 4151668539; 4022178550; 1694179643; 3820434722; 1191445890; 967492310; 4237044714; 2027620025; 2176633709; 952693512; 3469250213; 1951619576; 1904628830; 3608979309; 2238399146; 3872218300; 3824496922; 2352743684; 2556826073; 793003019; 4258966526; 2281129545; 2300310228; 1821419575; 1466288899; 319259753; 3336832789; 549692075; 2231233770; 2161453971; 2524907642; 678824055; 1704324261; 3780863157; 2631855725; 88529958; 2734122710; 4051081112; 1827299858; 3562112555; 351791723; 4050126121; 1512977137; 946838871; 685860394; 903034010; 1701532422; 2258945399; 4085086874; 1541287439; 2377780631; 2879943784; 2224978814; 1158694650; 3099754235; 437698794; 1015854595; 2539436234; 3711447346; 3041274749; 1519343965; 1184179072; 296246626; 1465252168; 3035157758; 874699904; 4293635366; 3956976431; 4160509119; 977471880; 3917587806; 1224621891; 1592642771; 3245690187; 1870210701; 1164546809; 3508808164; 3133921983; 2616813464; 3424369532; 905771363; 3914182447; 2445521199; 3790203277; 4030947426; 494226024; 2887637945; 153502269; 3201410621; 2127070038; 1905875411; 1124903474; 1291238253; 1926924412; 4124724916; 963818605; 3867006917; 385521594; 661995656; 3422583182; 3129088929; 2136039189; 4090340076; 1597923584; 811406807; 3180892363; 3471622921; 1285180382; 1641059229; 1456668100; 2022864386; 2404873372; 3141956550; 1222125993; 862161214; 1370540297; 3731414210; 3714810726; 2342824264; 3186339392; 2348621752; 858425344; 2231246337; 4250479140; 864995964; 985873210; 999644822; 2503638096; 452840821; 16480738; 895189180; 3576579153; 1381244048; 1537493081; 1079885627; 436256329; 2585245092; 1834423450; 2490295860; 177241119; 1544576612; 4128115888; 1740638113; 121864386; 4052630353; 935246107; 1135250223; 3441773625; 4227394283; 1052524179; 2149271094; 164605687; 758862436; 1292436345; 2387322516; 3724823736; 1723025049; 2329306179; 4231151726; 2300714114; 4240161628; 3464382665; 1760753410; 1916381063; 2288350137; 73149186; 4282654622; 1863220770; 1882148345; 1290820283; 3129446115; 3269182835; 101031613; 3222339641; 1954003598; 4098591469; 1008660703; 466854864; 1851429620; 3326049921; 4258039890; 52970992; 4286135521; 3531334805; 603602845; 3162700838; 3513128550; 47787431; 3869762442; 1042599109; 1295442588; 3525173846; 2751270616; 3938984811; 2451065280; 3391976772; 665301883; 9483644; 1301147078; 3291034071; 97299451; 4085737489; 2591616479; 2047231422; 2400466715; 778406536; 823842342; 1836575771; 3269083; 1036808952; 1662400430; 3559205086; 3057077080; 2110009664; 4033897613; 1356568932; 3891456491; 1476631913; 1701998787; 4292408968; 996765476; 2710002019; 3203489232; 717337755; 3925284624; 744186634; 3771106239; 1249356174; 3903108281; 2253226126; 2644012495; 2620325404; 2241776177; 3631599882; 5690055; 1038558768; 3368894758; 4278426735; 1272977592; 2683901535; 1117017185; 4199763753; 201327771; 2809746202; 212003640; 419451345; 2929748279; 1394589915; 239519044; 1759433211; 437942070; 2839941088; 3782194861; 1562711796; 2670984169; 596075326; 3647688727; 227336062; 2049377124; 3535537816; 2512441878; 2501711883; 2084314123; 3074001321; 928911980; 236751314; 327881214; 3834937333; 497643003; 3778605291; 381948070; 2169762010; 395140049; 2505491170; 3293354800; 1103118918; 2989609302; 677265221; 1637929034; 2652619072; 945548070; 3520271836; 2257220706; 1683409512; 722916332; 4282217341; 2810069987; 2948537004; 2929711846; 389507132; 4271908613; 3635166829; 3699084269; 530268478; 3030435646; 466582791; 4287649572; 3090288185; 4000993340; 1469877478; 1701180913; 2485044174; 1842152013; 2743858503; 3668118393; 530312864; 4203512320; 993801035; 2842428761; 257506556; 405998518; 1899807482; 899776424; 433539796; 3790519665; 2509367587; 931966552; 3041425276; 2457464313; 313675835; 1861171977; 4061835061; 706534003; 2652189158; 1658060771; 2566427649; 143349521; 3902029294; 7281219; 819425792; 2023260001; 3920966353; 2648853929; 3060328062; 249789396; 3083256369; 2441310176; 1741869933; 2694452630; 504469347; 2676837582; 1155923973; 3461337908; 455330582; 4136356178; 195882730; 1714676287; 82616353; 1260928488; 400927697; 1974977642; 1924331099; 4109814991; 1739873221; 2953835006; 2729795253; 533930588; 2733865009; 3319348915; 1249599272; 929509287; 1904239814; 1098835906; 420929234; 1782670740; 2138694785; 3300299029; 3212717126; 3034435302; 3768278452; 561784490; 2775659902; 2798619755; 2138777519; 2116564145; 1902198977; 333073877; 1105886251; 4107483337; 1535255899; 2540894633; 205755; 3698509224; 908615375; 557346241; 2316032193; 905794189; 3951574975; 3910458534; 573260338; 1059365234; 141471673; 3027142854; 1708648436; 3239256451; 2349416689; 2462421540; 2381503829; 2971798778; 424309671; 4166647551; 2550302176; 2254005750; 2960718619; 46867001; 2455500875; 327256032; 2423547804; 795861604; 3403181645; 633679525; 1768268625; 4185190316; 2754583334; 3725495400; 2233256607; 90220084; 2680849241; 1502635561; 1293618096; 1775148468; 415586179; 1340112910; 62978460; 2350995293; 1176907993; 2682384180; 1069849705; 1246603796; 718648024; 4198773263; 989255418; 3407300503; 3985857954; 4196630894; 432036082; 2405797468; 106478201; 1454176445; 2796918698; 4194979447; 1915908610; 3492925382; 3190097605; 3967191778; 4092336397; 2448518274; 3865330872; 3893013569; 1885355025; 3028437672; 1520960226; 1473009386; 1563084553; 1140153496; 3846561334; 2398760534; 3145675082; 3945587858; 733521280; 2419084778; 716039731; 1659850688; 1179573887; 1168605441; 419172299; 2006931563; 3793135479; 3171476420; 630870176; 185714040; 3250975266; 3189948209; 4117497134; 1837761949; 2058674274; 3412780284; 4112862019; 1450862111; 660284237; 2759133151; 2815193172; 4086880265; 142783176; 4203528940; 1902018469; 2815021896; 2831729661; 2743719925; 