function [x] = aesValue()
x = [ 1596070652; 1415909101; 4166088566; 976600924; 302901590; 3102996208; 393605113; 3686917868; 3295284075; 462846026; 2694855358; 3749546371; 2369683984; 2480110184; 361151487; 2898639358; 2737449212; 164121936; 907445912; 2794710371; 2516935105; 460693219; 1196586265; 2560160964; 1580504786; 948180305; 1866546246; 116214717; 3370516281; 3783128199; 2893575918; 2967900747; 3597860548; 2263129122; 3212678130; 1582194455; 2898386878; 3254555235; 2568649791; 2458869449; 2678142010; 2019855694; 405792489; 2513797742; 1612768486; 1508412381; 858764167; 2919995749; 310518557; 3780596670; 4114516470; 1041429772; 86878349; 578641082; 578096392; 3158013282; 1060183532; 3693018263; 3021579618; 1927613439; 1465391177; 2086091232; 2189588997; 3281815610; 315424130; 718241308; 3712779831; 1737748523; 1390704819; 3742119578; 3049242731; 933379166; 2454755735; 1609735739; 1025093703; 3935622860; 303345591; 1315279683; 1095447855; 2976108520; 3980594920; 1154124865; 3868538266; 973082856; 243571166; 1049825912; 2835882806; 3483137817; 3067782465; 3008146517; 763763551; 2089153253; 3856404510; 3689369039; 1252993773; 3492710620; 1484756517; 2797695872; 1082921249; 4192497404; 2674821951; 4040461604; 3272375542; 2163909018; 2190886677; 2437510210; 3898912507; 2802702131; 3826599597; 2804832761; 111373779; 31876258; 992299187; 3884795037; 2408480556; 1416510524; 2087684051; 3047966278; 508010269; 3883373430; 3932799311; 3613826144; 3542700624; 3991525053; 1374861420; 3719348028; 1165566153; 2957734493; 1405100698; 4025856090; 4029986357; 867969676; 3142873457; 1501437522; 2132659576; 828161706; 2886007807; 3203700513; 3386391583; 2381821444; 2012798240; 2136802039; 3546481739; 4106532461; 2524665912; 228517284; 202966786; 2732632226; 1654244430; 791097883; 3271068209; 2379411488; 2403011228; 2475866760; 578740002; 1011670543; 3582605148; 3283240674; 876354794; 4061697461; 2875587733; 4179401823; 2946664608; 3953583645; 3317323094; 1643263638; 455049926; 1598494417; 2753943119; 523256642; 926029651; 3813560345; 3936913766; 757113604; 1275761119; 3734035799; 1702944806; 102726479; 876254987; 953553715; 125458893; 1854868860; 3107385039; 2553351925; 2974528799; 2093896449; 1383133586; 3897211687; 812253923; 3586360833; 1652784495; 4231613823; 2885601476; 3451914873; 1543117669; 2838881717; 1321197210; 1527861770; 84456672; 3803687301; 2134995168; 2999672268; 2592656244; 253830528; 2477468836; 2002270168; 2268291859; 1330909855; 3249808038; 1610696076; 3744795129; 4181682794; 1748129273; 500616543; 3749927314; 2437820433; 1036774823; 2078690168; 3338691759; 90385691; 2967846725; 3546507960; 3218132655; 2246505985; 627186888; 2381874399; 128639440; 1864422449; 1116020740; 100673620; 79944595; 2743176021; 315597955; 3885609245; 855693161; 141585352; 2304580800; 2647596214; 239057922; 2494757393; 692079844; 2662930891; 3304925622; 2819776070; 2075558886; 1671966865; 2234068574; 4111362004; 2569134860; 2745611633; 1124835222; 4230348955; 1106152363; 3644742270; 530774826; 1647509193; 3427212245; 3473316177; 1517987205; 3374170397; 1289243960; 1971226338; 2759441412; 1398843569; 4041672144; 373569361; 193249202; 3550175020; 2695659790; 2161403961; 89795923; 3856879625; 4151503702; 4041665508; 1861921866; 697717243; 2696061929; 3670388534; 1821331638; 2896911964; 945842097; 3565489692; 2269921658; 364760755; 200688230; 1068094700; 2405921449; 4070895984; 2116408432; 1220298399; 298777191; 1655730071; 45018190; 4268137420; 472124321; 994092290; 1968537911; 1294361467; 3650647677; 3053824169; 362146386; 2848890619; 3017807996; 2679034303; 2899770562; 2274178395; 2472223848; 3910390266; 1429983788; 1394406533; 1388074732; 858464544; 591792860; 3757999229; 804868408; 2691946445; 2134866508; 1950716396; 1209774195; 4117218282; 1952792085; 2923126061; 1941067824; 3209359051; 3552086694; 2162218534; 1539224672; 4005384360; 1065025877; 257091261; 3607062582; 2592574031; 236605266; 3101490910; 2061183702; 3870733915; 1406006682; 3477632748; 2623998367; 3591511287; 1529544051; 58216235; 2860545691; 1275452149; 3340605286; 2262241699; 2596139686; 1367235399; 820210861; 2155795733; 3955582645; 301493498; 3523483200; 927197820; 716972687; 4228852087; 3465042419; 115973455; 930107527; 2396840139; 3383349569; 3624407045; 2006312468; 1717426138; 3793344448; 415508100; 2998054690; 1127753926; 2537596947; 1122930978; 580941730; 2436631408; 3247330407; 2281091176; 247664343; 3729230179; 1440510578; 1069527366; 1039745748; 1528361378; 3012523838; 2644211746; 178995308; 813934789; 2587214002; 1795467939; 876963653; 3724994003; 213908589; 2517991501; 2351438361; 278971422; 574255200; 1368857565; 2445955880; 453074616; 3569811689; 1304993739; 920972620; 3175546284; 2447011164; 2957176782; 3327737574; 4293945326; 3605823092; 3740082270; 297693702; 2401978794; 332808355; 3862832598; 2125111879; 1645799153; 646553015; 1838264546; 2871314410; 2151918296; 2251570692; 2652577409; 1668238163; 1012916291; 1705198221; 1525682736; 3759412581; 1960945306; 391021584; 1070299612; 993164488; 1449955645; 1577314806; 3429242688; 4065578500; 676868148; 331512931; 3165637978; 298611164; 784840799; 1506444713; 3118274778; 1763999500; 3764072127; 2997973728; 691025330; 1030729730; 943832249; 3530602698; 2873225821; 4048034242; 3452035422; 2009853211; 3673179285; 2714245774; 409211647; 3822132031; 4133338302; 2914352824; 3861971414; 1299399555; 1366677631; 1157722248; 598167600; 3679046908; 3415970620; 1007917327; 2582455100; 2950678287; 2728621462; 2462085845; 3560703810; 3208607628; 3909427389; 3378112149; 1640018164; 416105606; 2028087251; 2974359727; 3666931289; 1752264743; 2884799021; 1422179235; 3851467193; 4108603646; 1726150103; 2990864782; 1229109715; 1400246475; 491106849; 1989556663; 652027379; 3138489735; 3863154238; 273339206; 166875459; 1173333251; 751667252; 3052364731; 97574296; 3074318856; 59284970; 4124300700; 2248845670; 774208842; 659819534; 3730862761; 3187460186; 3718670665; 1730461229; 944269293; 3785085426; 3868394567; 3646484090; 2211437155; 4287856032; 807006499; 4108833730; 2809714362; 854766396; 553126270; 4177485765; 116766686; 2740524572; 1118102601; 872406907; 3543824225; 3419437239; 2401906817; 2153120459; 3137047557; 2379657231; 3345389112; 7742714; 320969739; 4066602905; 4281161977; 2743965820; 1733972632; 2679050765; 247815744; 2403590923; 644402668; 419076863; 3383850743; 1983066761; 4212203434; 3831823543; 2771556039; 3089341112; 1762209554; 3660886695; 3064784353; 500211357; 456795916; 400437202; 3420454591; 1310843837; 2973284613; 3679423967; 2106270858; 918463665; 151821542; 662427328; 3034963504; 1875172104; 3758505773; 205994100; 1250531757; 3194348614; 2786542076; 2541897321; 41842879; 1220678067; 3068819670; 237347656; 639664953; 813677368; 2253452125; 404203839; 2603673982; 1113238231; 2600316761; 664129544; 4119837309; 1340912892; 50800011; 3470676444; 573138487; 3100042362; 1737782257; 3164886583; 3347959213; 2215576160; 3623638476; 424441446; 3095428201; 1998340412; 1023588913; 1646365244; 967611397; 2463066103; 3153279667; 4238269061; 3112229391; 399072557; 3714221829; 1896457442; 3853273107; 822583600; 893892738; 4024211975; 2452414363; 1369505468; 1178465249; 2164523673; 962874702; 1466667962; 1165896662; 3615974737; 2604925795; 4239672407; 2489464517; 3310315132; 1170794678; 1998626775; 4285379911; 977673937; 1559296819; 3964526306; 3481186612; 2001350739; 2693073; 1422934745; 646385712; 3950109257; 1488978422; 3359710117; 4268542255; 2233549804; 3502333522; 2131084586; 2610929517; 557434100; 1741143400; 2835666679; 1379024038; 871864895; 3021405581; 496440615; 2699056717; 3951670357; 1229408300; 1894688293; 3412839770; 2152112483; 3246347200; 1635181112; 3282276089; 3685085291; 519729864; 3298600008; 2263484053; 783179582; 1026192374; 3939334486; 349912305; 3258096170; 216387732; 644316334; 2548901670; 1435129836; 3993364624; 2647159256; 2267884543; 2309121581; 1373846853; 1121249072; 3865384940; 3867657006; 1251932720; 4118956841; 