function [x] = aesValue()
x = [ 1425383396; 621445049; 4007722079; 489587939; 4028820559; 2042036782; 1506765257; 2615112452; 2509637440; 754795048; 1966561220; 1487395089; 2739410518; 1951259665; 1389061966; 2498189924; 1658709383; 1948820333; 4146748905; 3301278113; 1116563441; 39930189; 898530683; 1898680758; 1028271653; 1755107738; 3871366083; 306477418; 1786804395; 3421537238; 713450889; 1606333706; 904770251; 1875591077; 509584702; 2325894419; 1226840073; 2352011002; 64114984; 3275515825; 962102795; 339890466; 1005028437; 2172152837; 3016557624; 40984841; 2392099124; 1642947177; 513123629; 3070380940; 3630133225; 3993676138; 3514270973; 2020443281; 3406720114; 2070107804; 3594539920; 3868834586; 1455201448; 3635680138; 2077834951; 2372061099; 2562467652; 2081971189; 1884774319; 350780925; 3619699944; 2854983167; 3018522390; 1239161114; 899710155; 3936931953; 956581713; 1031165966; 3715108725; 1585077622; 1136869775; 3597339208; 1470290553; 3572450857; 599415563; 821599053; 3614129654; 2410801963; 2434697616; 467133046; 3538283462; 3867544816; 2837461604; 3267742740; 692745972; 3196545538; 3039208605; 2967206978; 3873206957; 383051030; 1188118370; 1892418943; 854019919; 87621643; 1327457901; 184660426; 2307073761; 2378766772; 3420023828; 3239740012; 544396007; 3397738528; 3879090846; 2562354546; 2626373113; 2061152137; 2001558156; 3557996645; 2795579332; 4289289609; 1559026145; 2934566455; 1153558511; 4068875088; 1381976450; 2117666159; 2426980077; 3368773197; 4170446842; 4107470422; 3399499186; 1601609975; 3817481190; 2183655072; 232116192; 603526251; 4261881685; 4187349563; 2786999960; 1784791840; 1469060703; 1177986097; 186319553; 3519605100; 3520156778; 3022315155; 974426749; 559234776; 122427317; 4264346620; 1377478341; 1424037715; 2309640204; 2300623666; 3651160538; 2584802652; 1242491757; 1731401613; 22805405; 610621458; 2998437452; 2101435745; 260306436; 4113678057; 652356098; 4267784962; 2446835121; 72703418; 582740617; 1049908246; 4214810447; 3910786695; 690886648; 4056751123; 1309743976; 3329148616; 1939289858; 197913585; 2724906030; 1085847737; 2487625171; 3451380560; 4070307594; 1807157865; 3146211053; 1914727165; 161826125; 1922735637; 3838428898; 2627792269; 3691696111; 2022475254; 1656397228; 1176705472; 939653654; 1887502167; 2355271913; 4038370800; 2283248479; 4102601806; 1984705772; 2810624231; 795700805; 1446305155; 1366697377; 2864882907; 2710890664; 1504987474; 1019070562; 3146260345; 82395059; 3887171750; 2753766485; 2336115460; 1094523628; 860920853; 3622697091; 3204970902; 4146118864; 1767557770; 4049647920; 3337665839; 4124771927; 817562635; 3103155354; 2708267306; 2905858487; 4148480428; 3705936997; 2854313316; 2449158711; 650666475; 3596473090; 540710963; 3315628487; 2809757813; 95838078; 3176715697; 2465998904; 1665899128; 3192845637; 1273381822; 1333538821; 1411324444; 162279943; 4094759246; 2586119705; 884169861; 3904551763; 478500428; 1393397298; 2160560417; 2740604078; 2072115746; 57139866; 284480293; 841349713; 380708145; 1709465542; 358948739; 2815677150; 2550766012; 382038855; 3042059111; 862880213; 3487218691; 146907994; 603071313; 108616783; 4027690435; 518230714; 2432911652; 234446203; 2908055857; 2832300944; 3894300091; 1107822453; 46590661; 2807164235; 2356337024; 596761472; 660665693; 1892117397; 202859249; 3571379720; 2761130112; 1899233139; 170405422; 455677295; 1672795630; 4040333982; 1745994507; 3087923149; 1311263237; 3615288861; 800307588; 844774572; 223281522; 1628952628; 192209511; 3632449819; 2801125138; 322464706; 509079946; 3477474421; 4169059019; 3752798735; 2028608139; 1596149308; 1377190996; 2023833353; 3889958707; 2249037215; 2902012991; 3509784399; 2570245300; 144033566; 2688226482; 3683824630; 116590102; 2074036365; 810964098; 1229234400; 1233757303; 1258312664; 4107631886; 2528234543; 2079039855; 220605738; 2507711256; 621227077; 4152466009; 2940497010; 238791705; 917193255; 4271236158; 1904733879; 2972085343; 3429041179; 3436368317; 3136057330; 3472727410; 670437971; 1027608485; 4252045125; 1840734805; 2974508023; 1133716410; 2324037789; 3877532693; 991539793; 2436899159; 307475842; 766250219; 924484650; 1620258616; 1541195542; 3769709749; 3637057284; 4261843971; 2432681886; 3145565428; 3074845490; 1451578675; 3655909904; 3936656927; 656961026; 2778610356; 2223615444; 997240431; 2576422177; 3241858217; 2535702989; 2186287104; 1998233686; 4258926179; 1390032188; 1292880247; 4266427351; 3047295977; 3950911909; 3830365232; 3106002063; 75867288; 3341921118; 3136022109; 3467988441; 655358096; 4226368600; 1135972587; 1698789474; 4120854056; 1276408704; 1492349329; 3781466568; 98891682; 1572704993; 2579577382; 1727453668; 2103492515; 3244477492; 1194006894; 3889604632; 2272280185; 4283801384; 604408604; 649856330; 4191230039; 2588360107; 493857560; 274909611; 3282512705; 3891932758; 3070962303; 1842851111; 1533627270; 2222895158; 3092239684; 723843945; 1313428002; 241580180; 3853826763; 2262531873; 3204115832; 3422208494; 4196403580; 715947578; 1819804130; 2582391306; 1191994044; 2302466452; 3203529059; 1019439591; 4000930117; 1640905001; 563992296; 1599516319; 3388055326; 3437266314; 3731250376; 467601895; 2416658520; 3954278798; 1867672565; 3124241478; 3151820560; 1601145363; 2471219530; 1673281965; 820160930; 316152439; 320480045; 363755152; 2272225949; 588603642; 3723567780; 3752008288; 297173915; 2699738546; 1349091389; 2507834570; 1659611816; 3060592557; 2839109276; 3971876339; 641058588; 322432767; 123466073; 4058544199; 1570455503; 2621310914; 1246937821; 2508123351; 2205277379; 947124261; 2907259432; 1019408961; 2673073854; 883603787; 1676815646; 3603168353; 976107231; 723323049; 3532294368; 2074596273; 2923352472; 2365456453; 2664321280; 4179149973; 1023385115; 2766088273; 378843879; 419658158; 279896425; 129444723; 2076416506; 231093019; 2618610670; 2332977668; 1786915029; 1552528730; 2717092888; 515290473; 2569146240; 306497779; 3414371984; 2717227189; 1486476724; 4143091130; 118131343; 1375488682; 3530275401; 1519345180; 3625751414; 1119470200; 2551400376; 2273986054; 2671074222; 387503144; 1135682485; 1701946912; 2107819196; 3132425396; 1084573635; 2576213353; 1313209805; 2753101609; 1653251247; 3598686164; 1476476136; 2970938633; 2448745952; 565501326; 3403999644; 3002912348; 1675873476; 3636250734; 2951039376; 143740873; 350466426; 330739395; 3522712490; 320832822; 3021425643; 707035248; 1984892390; 1229015760; 2382149633; 3533606881; 310591847; 1861225773; 3673926015; 1157657700; 1289316942; 1121636803; 1270535198; 2193209074; 3226897194; 1244063529; 3419773860; 293591115; 1019846264; 1049677382; 3070005355; 1669519860; 85310663; 2494224630; 863454054; 1364997971; 1526269602; 3178033897; 627871870; 1263569223; 564295571; 1551559945; 99994864; 3301577790; 78420381; 4181525365; 2275528710; 3104220268; 1393767738; 230876573; 658369869; 1873967678; 3888270322; 750257266; 449874836; 2341965707; 1817621953; 1797839855; 92110049; 10839158; 2598130486; 930138037; 2741703940; 1802523468; 417203589; 603935379; 273545284; 3153662849; 3497330703; 3523226444; 1326965292; 819641442; 200915738; 3212409758; 1409683019; 874069515; 3900187483; 335046408; 1818571961; 102571283; 2711943403; 3988485038; 3926549908; 485666075; 1435705251; 710065450; 1969682329; 404437638; 2403026983; 2280313144; 1140613783; 3692570556; 1569977260; 576977934; 4250190890; 1466763225; 1744676972; 2653659734; 3769085057; 4005644645; 3875225337; 4122472043; 1629899157; 804454821; 273810266; 2698772648; 2971628464; 3984382051; 2407380432; 1914315442; 3662685921; 246741748; 2957205163; 4146636367; 233979; 686169733; 2216206821; 2622860704; 29170736; 3257086218; 4041598055; 2270150508; 914298184; 2740703525; 3047396819; 3967395638; 2765542157; 2115085718; 2267564664; 778227819; 277259326; 586847696; 2968529249; 2427723204; 420875079; 2971407139; 1464544200; 438722387; 819641186; 3432813540; 2596785342; 1269849497; 1022432959; 1848723886; 3620030867; 3355478987; 2798672819; 1309332143; 3023429673; 28911030; 4224385910; 