function [x] = aesValue()
x = [ 2502332753; 607047649; 2875690795; 4225011403; 520661306; 4075599141; 3796490871; 1266464778; 4114800576; 683323887; 3526536187; 2913631615; 878943239; 2851768208; 3884139065; 1365349780; 3573666619; 594884199; 4129557961; 1642817719; 486720741; 1736823332; 2382156414; 1917948144; 515533835; 2170133974; 1712410610; 548854583; 1541823385; 354603612; 801989664; 565373496; 2656708016; 1518050044; 4134207230; 4132869617; 3863740152; 3187216106; 1614446776; 773610570; 372221343; 936601927; 1188630264; 407138689; 2413177663; 4165246249; 68831168; 999028415; 2807804318; 1856227728; 183605149; 3661790317; 3006862071; 78730500; 1358964036; 2359201949; 2493243627; 2603150521; 1643664254; 332126492; 179039969; 1785839755; 773497474; 1379107438; 2732601560; 2724370506; 3005151423; 2377361211; 2776081737; 2067345826; 4077291484; 480527622; 2715258876; 3062122387; 1913202168; 3570821045; 761876267; 544421436; 2663703757; 59673030; 1687886630; 1545028674; 293599736; 2841373483; 4149752488; 3654153155; 1627549921; 21790144; 109226039; 2244878875; 3260779323; 3403970760; 1349911780; 4139093848; 808721227; 2000012025; 1070479191; 1520355349; 2043562769; 2482386591; 2917242503; 1209657636; 1553863934; 408025500; 3563304673; 3785268927; 1556350308; 2307306749; 2342532259; 3624199808; 1569564862; 2560349182; 2779248433; 1198061677; 2074738346; 1973855085; 2467331399; 541588117; 3343897890; 2823405163; 1227361731; 3579689795; 3914242783; 4259851567; 2988981687; 1297162652; 1176546981; 3148221707; 627983381; 3365888617; 1650791659; 2253390267; 652344039; 4269837385; 340375692; 1280134815; 335990163; 654373243; 2563955529; 2839503829; 1725558034; 1325472193; 2204477747; 2672112874; 3239400851; 1600783787; 153238101; 1618435275; 1559910595; 3513301033; 3458176107; 2314983581; 2312171985; 449216564; 2317535847; 219910296; 553896351; 2822489796; 629001399; 1651021473; 2380741786; 76283523; 621692611; 4040454796; 1879712675; 894991561; 3897395352; 1065677167; 2897974227; 1432742013; 3214310171; 3503816278; 1476702958; 1003214955; 2627832771; 520542760; 2176174755; 3677707500; 1631842909; 2266097681; 1674909080; 3011339334; 687621176; 2485107413; 2128669956; 4258554213; 2674056396; 2682879390; 995261647; 1252804449; 3518398661; 771620672; 1118474815; 1834255955; 1371160284; 2950350964; 3057526239; 294438504; 754913581; 589755799; 2635652009; 3683701475; 2789038515; 3717509108; 4076396971; 1311452938; 4085221503; 1259303612; 848201283; 2680548715; 1972565660; 2662675718; 407203774; 2273169204; 1805997184; 4155503079; 3677600906; 4018877189; 2168482270; 2020829415; 3926024619; 3031278258; 1820665465; 2199087056; 1190953240; 1774171506; 2552827110; 2666578947; 1393741227; 4110641766; 607131907; 195806146; 3766216721; 3840238664; 843596241; 1912049114; 1023626531; 1818873758; 2927123000; 2194045356; 2390421414; 2965973748; 415170453; 462774401; 110345708; 397165923; 2489162989; 908681112; 3569416913; 2288947251; 3155916831; 2201523122; 3325379893; 1190415693; 409180423; 4005411474; 2289054592; 1127812107; 2430379556; 2997061912; 1530703601; 4220738640; 3465214394; 1980379077; 2771792958; 3931084168; 3341407569; 807477785; 1951466533; 3390324967; 478646090; 12440375; 3991764736; 2168263581; 1387429338; 2207438256; 1899326347; 1281339236; 1751708298; 1752481490; 3299786636; 3265935184; 3740476726; 2211350092; 3447491855; 367008645; 2872618483; 1418479857; 3900353590; 271729001; 3894027789; 2747856793; 4125081096; 1126329034; 1345758691; 3244229547; 2194448922; 396816056; 1749295268; 2019605253; 769691384; 312833261; 410737574; 963634549; 278569671; 1090904983; 2228211019; 919971386; 779212585; 2268222001; 3211295228; 498805616; 1131182665; 3853537960; 4258164330; 4254708578; 1608848575; 3172271846; 564342747; 3684335864; 2842052572; 3846730685; 4020599456; 2816022145; 3232208013; 1210595849; 4230908683; 4172441705; 1017793498; 96796753; 1879493309; 3689968780; 429489085; 2954483832; 1353830676; 3707839205; 123371165; 3419608442; 505569830; 1636378022; 3433480843; 658526719; 1675936513; 469758050; 178861229; 1556067011; 1831020020; 1370554631; 571184664; 1643912337; 3265879076; 3144208406; 3406864901; 2747288850; 2254512814; 3889812045; 3804970612; 781040118; 201265952; 1499597759; 3904108983; 4176208040; 1568736843; 2027129206; 450496685; 3968733563; 1233651050; 3520617576; 752959414; 4235943000; 3000473981; 929471710; 2165969396; 2514330310; 3564002477; 3056617086; 2174753699; 2659433888; 814035394; 3023212950; 2193681986; 3833153600; 3922427232; 283876058; 1484085419; 1398556924; 2444134278; 1013006434; 856881658; 3677635715; 1447712200; 1433186556; 466741064; 1925135511; 2291824830; 4237851030; 2586667129; 2154903227; 3426335819; 225373342; 1283024880; 826889854; 1093362286; 3990813375; 3407691573; 3584173140; 1625937639; 244859324; 4092900964; 3390148219; 1033392056; 590238777; 3421890978; 4204463945; 4125074650; 1501821846; 920220680; 1396984675; 1884884908; 223298288; 760231375; 2852535959; 322300163; 3764566084; 2210215881; 1746052522; 2299996745; 1406350634; 487250785; 751037789; 1865800924; 1403158876; 931618063; 1079950413; 2667312665; 890685633; 1768642908; 1215942562; 1273401252; 2449334493; 440457648; 1600510707; 2626364576; 2451335286; 4158883236; 2243689119; 1412835161; 1916038111; 244290541; 2424498905; 3847621741; 746890591; 1682577760; 3315303607; 1660046595; 2165003752; 461322874; 4267863206; 1054647275; 3362169955; 2192492558; 1687441458; 3402322578; 1386062412; 2660953246; 944289427; 1518565065; 3940139525; 3864978047; 2728835459; 3911767430; 1533417640; 708895927; 1304518693; 2539497291; 1466860343; 4200400871; 2108950217; 1362750986; 827414871; 4265891812; 3435697564; 4129504481; 1933879609; 4270994582; 3746096808; 734554623; 2672654255; 2732357412; 3994912994; 4267267725; 4168282586; 2290798172; 50468577; 726403855; 3910465523; 3709006760; 3361561497; 763865029; 90424276; 268371194; 1050136341; 2099203507; 145837321; 179434328; 350417056; 2770825667; 3449148493; 2227583583; 339663083; 1215403006; 1408359080; 790022033; 904149449; 4120138523; 3662704851; 3869904210; 2244385256; 2761576401; 1028603252; 1111680172; 2636987858; 565367203; 84364705; 2884148022; 1152491432; 2835214800; 3604394769; 1972112307; 1114618559; 1910975004; 3172033656; 2703454670; 86723103; 4140909404; 2169117898; 2841026345; 3204562026; 728509906; 3204771779; 194664805; 2791090706; 3859951299; 601453283; 4109663593; 3833354485; 3327340888; 1595546310; 3581135950; 2723347086; 2171270681; 913627044; 1889567436; 1161705165; 3401845181; 605352139; 1519345171; 1271282705; 2831361233; 2983041558; 1833278416; 3485108958; 3847023315; 421089824; 1238212655; 699867675; 1905519924; 865862380; 2348707892; 5757080; 3401097201; 781745687; 1754087789; 2316298970; 4274940859; 1210079201; 532366565; 948289977; 3655056778; 696287039; 1710990786; 1363462963; 2593262736; 746426042; 2822285045; 2546964818; 2593257757; 1783281533; 4004664613; 1906133034; 2409669790; 3108982438; 1226020537; 373304753; 565139008; 3875867009; 382646702; 1837437696; 512969300; 3456210908; 2214607868; 2250830396; 3956048398; 1572682872; 2404201103; 2339966817; 3183197558; 1726927487; 1665404447; 98587597; 2051557729; 2165540916; 2701031573; 4042961670; 109145008; 4231184752; 4257968857; 3333384135; 3625748220; 423287199; 675633046; 3624182460; 731509957; 3992200902; 580013116; 1513922520; 3312210882; 2647381559; 1963005195; 1473139157; 917441795; 317784787; 1331587815; 3043807932; 1302793032; 1518239631; 3715994479; 3378759; 3165595908; 4167962117; 3887866165; 871718932; 71292130; 4024599325; 1550914614; 2918333730; 1681903841; 2320390879; 2952882882; 3021961060; 511898647; 2194982; 1673013641; 358010243; 3486784821; 1046115186; 1753279162; 1984424710; 805798462; 2112993900; 3518134766; 2906139805; 1488081262; 1341078683; 3001873852; 2414320183; 3598481518; 1438912175; 928969588; 2405147026; 1658632800; 432195516; 3912949176; 63246375; 874321401; 1662604282; 1753857112; 2390912859; 3269668291; 