function [x] = aesValue()
x = [ 2807530346; 848479331; 3822507259; 4042659337; 3031492210; 2282654621; 57099149; 2451207427; 588485052; 2235263875; 1254003750; 1320648294; 2912628531; 3185420430; 2538567645; 2353399965; 2115920216; 2595880962; 3386537696; 950634037; 3491472000; 14677953; 3327223954; 1465096537; 2293549189; 3888372346; 3852096074; 2831802635; 2752647747; 3325476563; 703855004; 3758923351; 1395624725; 1392113438; 1698243864; 4185107380; 3393481325; 3147401794; 3519044237; 3170463790; 1015138604; 1729784152; 1281083271; 1962971178; 363953236; 1556162547; 1239728453; 4246650310; 2769421357; 949686177; 1067755758; 2338203404; 3239167786; 4216256106; 3669044968; 1577006818; 1921105669; 1223355052; 3037391316; 4195950620; 350418350; 484444502; 1399740620; 226686639; 2214575319; 3050046252; 325614194; 3598022884; 2441436480; 1516245758; 171601298; 3838834288; 1520720639; 4039995669; 2063841276; 1871385461; 1085347284; 3168290863; 3198520149; 3389436929; 1536120396; 1655653084; 456688302; 3553033779; 2887247108; 1894520778; 651121739; 771474668; 1431164822; 1675555678; 961449538; 4014496665; 919776811; 447828295; 3448616784; 18968261; 2314422817; 3479432009; 1785318400; 4130652220; 826618230; 2747232623; 3225821842; 795189057; 3773024031; 2393682512; 2270974538; 4145540554; 3899778088; 4105142835; 1800543057; 3171952748; 3675542401; 3020260411; 2726972672; 464839324; 1878212855; 3149765238; 1527902050; 2569980805; 2411175012; 2880290653; 546988299; 2207061278; 1892344325; 979631474; 3698028472; 452885192; 4199001772; 4228789809; 323689715; 548962477; 4009238260; 1354083279; 2748459168; 1938160258; 1095586153; 4217939201; 4242039048; 4164657973; 1719391124; 2422427917; 2977895102; 2480845054; 2488820606; 138780851; 2768108061; 1153037993; 4019351659; 2788104538; 1674888154; 566060735; 4190729774; 1907592335; 4211118790; 3777422518; 2324533227; 2382299417; 3777807142; 1951157329; 2017234655; 184931678; 473915971; 1266677117; 4064415051; 2996965679; 3624061662; 1705331457; 3429147640; 3024550235; 15881061; 2598832328; 3214602734; 1031067914; 345672563; 1264809420; 2942954340; 1701255427; 4277958952; 2947743431; 2922520850; 2456628833; 1467016601; 357129217; 4067622195; 655516896; 2952876401; 3007116408; 2717560062; 3665027612; 2575536256; 675675505; 925515503; 1807721251; 3477441928; 1517164581; 7789062; 803290949; 355802499; 2202858120; 125057993; 3512341112; 1480461191; 138013540; 2915268925; 3720758606; 932665463; 4189745002; 709103855; 4059443441; 568335866; 1781674842; 2004349993; 1675396846; 2930370621; 2242692660; 753261045; 2590700156; 2819760188; 707930060; 1797748762; 755523422; 3152808346; 351880805; 843749307; 3337634838; 1078263856; 2454552114; 3684636834; 200604017; 664445509; 234427053; 3964061016; 1490396476; 1789460520; 4065182985; 550446188; 4402935; 280893960; 3117241083; 3559455695; 2604325506; 3118178248; 2105291670; 3712923122; 3251750223; 2758312785; 1368851830; 287846427; 2467726254; 617996626; 3131234060; 1848137044; 2581758387; 154238142; 2355878104; 503820886; 3632461448; 3294596789; 1907537005; 161100027; 781375875; 2816471050; 3278003106; 3134370806; 1820268803; 2393361738; 2810232538; 3468465294; 571248843; 1010501065; 1601616252; 1962082765; 154609462; 556504985; 1565489449; 676003398; 3245877413; 3367237479; 333386465; 218826490; 2878652885; 3137488646; 3242630036; 1969986015; 4225734438; 290388270; 3931664080; 1636158910; 1122947213; 26075405; 759258647; 1296464265; 1049134494; 2574856570; 2118741832; 1813460563; 4101528924; 62129885; 2628903366; 2341704394; 4023280069; 3760176575; 1734034350; 4099753506; 581754095; 1963679445; 2636284194; 1198769067; 877062725; 2760975239; 1917613437; 3629014970; 1097379217; 2128995934; 19603319; 1783381766; 2674112036; 2270574785; 2722911916; 1722049823; 4125012735; 1263706064; 1601832956; 1566135429; 3520596007; 2377574874; 1379178991; 2440577614; 3856194929; 2631350223; 2590624782; 4160590033; 1362164021; 2425575362; 888864206; 779142860; 1744478152; 4212845132; 348142911; 1424578373; 1426401439; 3141128792; 2067865274; 2475405974; 1225888077; 1184337997; 4177551315; 626326482; 3710176533; 3253440742; 3923876552; 410991321; 4109832912; 1863539929; 1978193871; 3142913254; 989563055; 2289411767; 2707270043; 1408647123; 1069643404; 3822362211; 1284770076; 320803485; 1320289490; 2494637834; 2780873834; 113092624; 2810639683; 2419795778; 607457833; 2358080680; 1342571045; 1176725566; 1893254548; 1676844051; 2073575812; 2879320303; 880083572; 2543585293; 3359685527; 551183353; 831441207; 1929193064; 780707670; 714240936; 3929208205; 4184482242; 1396204235; 3659558133; 3508174133; 2661216243; 1058390655; 2360996149; 289345807; 3716549459; 65128244; 758364238; 3345009884; 2539294511; 3548249203; 3676717551; 1231571717; 4107043572; 2443452369; 2764168424; 2915294646; 560563679; 3787872895; 3920021555; 2314056906; 3598858260; 660169593; 1287037489; 1016134603; 3107072226; 824699287; 3189401342; 82057315; 1469613826; 2398916076; 1577127738; 3065793894; 3256437451; 4161550727; 189481566; 3856439825; 690926838; 3536736202; 1269999217; 749061069; 3786948421; 336842094; 494502057; 1401448340; 4156279213; 4203167911; 558997639; 2080464757; 2555755934; 1572646753; 545119320; 2778184828; 812902536; 3093785417; 3214634333; 2199462476; 4103221011; 3936554472; 2024110917; 3474845591; 2284067941; 3241869701; 3214748627; 3005458255; 2511310352; 1497605582; 200921889; 2989564887; 3177613840; 2716780595; 956280355; 1142269886; 1793708182; 2307235319; 2105061511; 2138243969; 480217212; 2355019637; 2036526815; 1726801961; 2354202618; 1260152073; 289328884; 3881302313; 3607033302; 3966639882; 3352949434; 4001198986; 2332163057; 3372446241; 3069217554; 3688564038; 2548757540; 1017150634; 2299409961; 2078239498; 3310603887; 590132381; 3268048508; 157130863; 854014510; 3723110070; 3807748748; 3535862748; 2005288810; 76414815; 1559130669; 2224958286; 317240068; 1801588949; 194348090; 73815169; 2607159476; 203831123; 217802433; 1763049453; 4164564106; 2269581859; 144935388; 3632884281; 3233672153; 623058052; 1469431676; 1793376483; 2594951280; 2770214565; 3776860145; 117644063; 4231438002; 4197275443; 1493553050; 1623375726; 1892100894; 1448867776; 2237291896; 2624272199; 1713829070; 2977473297; 2263121432; 3904225585; 3004488051; 3491248149; 321631552; 2351736810; 625196947; 1976083294; 1369212790; 342208198; 1940084707; 2897027649; 2866024548; 697996534; 3587249414; 3307385733; 1649785523; 2320002187; 746241958; 4041159324; 1268168957; 1579707663; 1972437966; 895898878; 1407152964; 444298366; 3070084235; 1234080485; 101268866; 1218562802; 3459101934; 2049741600; 4082176477; 2868106826; 1698054875; 3057049375; 2182090857; 307284404; 88724059; 3218049382; 3273147525; 2557957272; 793325208; 901562569; 2619108131; 316294804; 831730389; 2459101957; 707382279; 1458351345; 69066145; 1222105936; 3972337376; 953332457; 2085274474; 1901199115; 1959952479; 1499362777; 645464503; 1898187094; 1693053617; 1748294854; 1047113101; 3199554951; 2064369267; 2581895960; 3761374926; 1157079112; 1604566795; 3320862132; 2614161253; 2971557516; 2254338707; 1554736335; 487229102; 1126890153; 557819340; 49539402; 3574614842; 1846024922; 3286435851; 1098515552; 1539141804; 3505397216; 1287302289; 1566100960; 3366574526; 1339433983; 358978348; 2799285659; 3522850584; 972481237; 590269470; 277614568; 1293616501; 3050572178; 862786676; 3733111988; 410439817; 3054659268; 2850006899; 2974930720; 4261387169; 2041383751; 2497335346; 1040483409; 1856373689; 3728461285; 2202892440; 386866234; 1047286050; 4028556788; 2533663570; 3020078209; 1363457050; 1972757712; 2177890693; 1268885482; 2633007829; 338457340; 207306168; 3421555218; 1221689912; 2233240984; 4012254036; 3586134808; 2695720820; 3039456698; 1420647723; 3298657964; 1336276119; 4132791543; 1384635726; 3747089415; 323876563; 962152600; 2838627912; 2064628261; 2851264370; 952398972; 1459324473; 1061939567; 653148036; 3108926371; 2407244796; 788831962; 4204715870; 3511209109; 