function [x] = aesValue()
x = [ 2008583890; 3772095543; 85262945; 2035308003; 1592447912; 1457992117; 181478794; 1839718807; 1986444864; 4283520696; 2382551196; 141902989; 4042390247; 931617187; 3933097165; 2304410731; 478048259; 977275267; 1570105847; 2819770170; 3212376287; 3338198989; 2049687266; 3712617832; 2521353160; 3837843555; 3517045629; 1953650963; 2709200323; 4139303794; 3908520082; 2748383355; 932044894; 1427529802; 1083384419; 3420223979; 3821149497; 4227464543; 2537892791; 3458395984; 3380165458; 4228263533; 4197238107; 1615188131; 1791989086; 275391562; 1278344386; 3168362831; 2774350181; 1247881827; 375355222; 2417541635; 1738672644; 3389055433; 3804628592; 258464549; 3742508988; 1976174264; 3375658617; 1898221730; 3304023163; 3528054987; 1775435819; 2403809772; 4119238665; 1815188486; 1927872024; 186871605; 1222505022; 3282781982; 3401310405; 2396037864; 2809423100; 2752572743; 420916138; 1452632607; 2639900476; 2135483676; 1015619851; 1223380390; 2087422572; 105331791; 1366777319; 2906977156; 2282364594; 3318763930; 1551309191; 1569520442; 1358943758; 82288909; 3089812624; 1148983888; 390015570; 2729434613; 189189828; 2700438245; 1983594970; 737754003; 2710618208; 1092424204; 3825510762; 1715822511; 2490199218; 2377554493; 2761387493; 2288871551; 2503617907; 1233447884; 4206769118; 2466177072; 643834297; 168053552; 167367147; 2749362248; 3046117214; 2795881937; 466252259; 3421801967; 2439293422; 1837680935; 389791399; 4157137734; 184770196; 4212937234; 2888914952; 1855608639; 2482500508; 995940307; 2143712082; 1035584137; 2769950507; 3039988162; 3253625666; 17768488; 1286277375; 3615479920; 3009072767; 4049943918; 2496113705; 2258723657; 4254104154; 547357192; 3129154225; 287358108; 1445720798; 1727755095; 1187362427; 1306971181; 2739654751; 1878530679; 2817484106; 2692288119; 3684111228; 3419887198; 1891394920; 1374950364; 857469668; 1575544913; 2712777882; 3698126416; 1422294065; 3928584758; 3837706228; 3480908612; 2803453533; 692685350; 3694964298; 3215673378; 3669031549; 1045947196; 1310509149; 518617519; 3882255048; 2418455479; 1259747859; 3209092769; 1454305450; 2736888708; 2383483040; 3789569749; 2590946296; 1977515154; 1516156980; 3468083667; 2328932511; 3363410809; 2796532510; 2243185167; 4125464450; 1083385554; 1799650304; 3588405610; 2154074208; 138988698; 2301995526; 3600586336; 1661865094; 2621110618; 871912713; 1410609525; 1067242929; 3903105918; 2466142765; 381519115; 1789062139; 738977565; 436444490; 1596753401; 1362872655; 1488161371; 1857267369; 4176172183; 97817598; 4161437022; 1398086189; 1781825633; 1265165830; 3473069085; 215788781; 2395596194; 2895639376; 33471630; 1252837053; 4036375770; 1378300012; 2993750030; 2554511495; 2307866759; 1443875202; 3752000323; 1567331268; 726646385; 3182661451; 2785026347; 3995824931; 161650796; 543756968; 2672815982; 1792934094; 2117507997; 1423140644; 660462045; 823967134; 1970177269; 2108257676; 3853309704; 2609050879; 3082049164; 265519580; 1552925101; 3372857739; 2200807017; 1859545191; 2364960997; 1583582781; 3299703556; 659190531; 2881689867; 1769009965; 2125560319; 2378384075; 3300677208; 3232838236; 3036532722; 459277956; 594855367; 2474410996; 2429645829; 2318746422; 1452900419; 2172801574; 853343881; 1999168175; 3001215782; 1148420011; 97372572; 3668070761; 2507966511; 2162256982; 3445743262; 2948485922; 2615444991; 2915063308; 3018047193; 1120084585; 1055328526; 943916785; 489060476; 230235303; 384000769; 184308321; 1606400087; 3452748397; 2262760449; 3740334768; 1208293863; 2027166057; 1871222196; 402342353; 3397703896; 2540788976; 2381616100; 1306213256; 2289267261; 2470918626; 2660038033; 1444060241; 1388633171; 120016151; 3320454653; 807913339; 1607296287; 1574539490; 1076715738; 2924915321; 1446563230; 1880158835; 2927226408; 898249354; 1489416125; 917896402; 1062723008; 2054343377; 2401511514; 638941705; 1950206681; 3630088748; 1545509523; 447173194; 2035162176; 3286664878; 2344152524; 3850398216; 322621218; 1309721262; 2807382243; 795124665; 2314714445; 3555802996; 442110362; 380536434; 1645075468; 2127902358; 736068931; 107541942; 1262271074; 1251630431; 1140528000; 1644861224; 1569055133; 764150526; 2894793849; 1050513304; 1781444111; 873180297; 3462576446; 2036268168; 4207149404; 2680408366; 2649948248; 1335538863; 2311956468; 1664527122; 692381539; 581249214; 4283525752; 2682265805; 1769647979; 1254058890; 3484040801; 3207658442; 1502937862; 1216321329; 1773865217; 1540298509; 1369513555; 2865617403; 1720851222; 753334362; 3244207300; 499864213; 258033127; 1104197336; 2268693448; 2491945887; 1092139434; 1381764847; 478461605; 3356656241; 2882071292; 1310136881; 1672305898; 1558599542; 1992071175; 1914162181; 2148724177; 470179913; 3698750813; 1769289219; 1443650687; 2892672081; 800167936; 590770566; 318812298; 3082015695; 1708543232; 3325854390; 3029103985; 255445797; 2879420577; 3738924446; 3683773070; 4117314873; 1608413031; 1526817810; 3728918096; 2055986417; 4064414714; 3199493078; 2623117670; 2534313934; 4037797275; 1491126293; 993385903; 2864766104; 503988357; 579843609; 661883549; 1970333613; 2047805172; 1604878573; 4023712844; 3209060539; 599310285; 35897638; 3722969487; 837622880; 394638231; 2362007023; 2762044198; 1100931991; 2609075718; 2971695727; 1402004687; 1103307692; 528214204; 3193712495; 2865462052; 3989872313; 2143205224; 314368591; 745886455; 86581155; 925376737; 2408549851; 111082660; 2462962094; 550681631; 1715498384; 1316835057; 3069315736; 2672226898; 796597953; 2374778265; 1290403715; 1858072286; 218097469; 3197114462; 3857030850; 226717295; 1246577335; 359576564; 4202453677; 2476573000; 3671696664; 2076357152; 2144060864; 2671967928; 3730747896; 221853890; 1390852176; 3104931453; 3069385414; 2885414435; 3106377723; 2679763046; 1304692255; 4041466473; 3480401332; 92429023; 3182574805; 2107865969; 14339863; 3883854983; 663472112; 787305164; 3692005714; 1895642367; 1326508487; 2759468253; 1221407817; 2536603257; 1066480905; 1524304406; 30526527; 781219491; 904651673; 1746625377; 484524282; 2876672639; 2154089282; 2154107373; 1819075774; 1057284766; 3076757381; 2416528495; 4204418595; 1860016366; 80339349; 3600162229; 3092089652; 3247124032; 3759260112; 565141461; 1505638501; 467444120; 2972326440; 3732807142; 2133591803; 900977844; 2485327000; 809925448; 1507716585; 4258145310; 639407360; 3033227723; 2982743466; 252361568; 3720302235; 306769017; 3951015229; 2484538254; 1112980019; 3513010009; 3940663201; 2314005519; 1932071441; 1994107518; 2063142642; 2521716385; 3098274145; 1214569863; 488008670; 3668183962; 1187475677; 3047831743; 3000232494; 4081520573; 1745950180; 3744574625; 2563623263; 1175322685; 2593950171; 126668083; 3972596083; 624351560; 126629307; 132768789; 3387655121; 2447737427; 2604782934; 222009724; 1180897945; 3505963705; 2060664104; 2720996652; 2263858028; 2439066182; 247743688; 3381239172; 3888180658; 2880144751; 207369253; 1217640771; 3585374675; 668645730; 1011383538; 3678120407; 1028073410; 2006707064; 112673321; 2201962332; 2348320264; 4166904528; 1696428931; 3062396761; 1863139895; 3687085399; 1018302088; 4034907864; 3246304011; 440891283; 522279982; 1471999440; 541973925; 3625603179; 392782158; 1065752269; 3846953556; 3763151685; 34424929; 3036312521; 118832889; 1660425651; 3987276487; 2619012855; 1283856080; 2327462784; 1696918382; 470131741; 3629671565; 2089375091; 3977999753; 697032464; 2886222486; 3555105800; 735521848; 3159261812; 1865437951; 1905179802; 1671229680; 2154956950; 2275377048; 284122389; 3063651260; 1956209530; 2450616015; 440099554; 4075029936; 3387292235; 2130606830; 3060623412; 2438864130; 1895490175; 1502108061; 1367854985; 744078841; 256633898; 2970330750; 3077911093; 3254790470; 3258418660; 3138748381; 3744788637; 1701710480; 3454882894; 1002143109; 142058823; 1011002722; 1570672629; 2838991171; 2683097058; 3671261243; 2277026553; 1096706797; 1349908692; 800877543; 1405660174; 2044933137; 206362731; 1111280749; 1942861658; 2877649596; 4137955911; 1290806922; 1865466430; 276015477; 