function [x] = mtValue()
x = [ 1899415805; 1348201617; 2194140431; 1328181649; 147740354; 651006190; 3736096631; 1831895183; 4238452030; 126218726; 2111527256; 764580676; 848559769; 128867499; 2088218742; 2687694622; 2375692766; 2521092068; 2231217936; 2633900178; 1745854531; 3070166371; 444442265; 194036742; 2801877716; 1980614812; 1881994702; 1452310208; 2202183425; 1156730395; 2412515680; 1994078646; 1624504040; 4283782661; 1134675989; 2895078423; 2935741763; 2008022984; 4114069158; 3174202895; 2075170311; 380611662; 2579781795; 2071334756; 1311123538; 2930218528; 3393437589; 128121689; 2788245791; 3448141733; 2225304000; 3111974281; 1570407598; 3576485075; 2283399635; 2205703353; 3109293296; 3239310530; 316643411; 3038798489; 979921777; 3144434388; 3740902844; 2174295247; 1316092837; 2792402374; 2166946011; 689490019; 1507465543; 3588257580; 1255661566; 3382227418; 1302064720; 267817740; 1098864149; 2284985958; 845968822; 1593702513; 1152706986; 3543084308; 2300833048; 3903464792; 3980881288; 4098322041; 3094726234; 3369644989; 3350487017; 1161606428; 2873639371; 3346305215; 2088699787; 1919268671; 1545006264; 3565890068; 2667179465; 65497750; 3219159974; 1349446976; 923699171; 3209237387; 4091461699; 3284779311; 3102717496; 3290625968; 2068278804; 1849546280; 137373267; 62931811; 415350559; 3178613456; 1027273508; 2425931603; 1190425733; 1292529949; 3781965990; 4056559701; 50672163; 584667287; 3649818337; 3351878845; 237342985; 3387578449; 2857993955; 2559254881; 3141605495; 3702627632; 4000696149; 3520450720; 4278123124; 573157017; 3034326640; 1116117897; 87296204; 3599974555; 4091269212; 1594036124; 4285083538; 3801769831; 2436685530; 3089510485; 1535824275; 1388304282; 2892843551; 1919720528; 224893302; 1116819655; 181490062; 3420517874; 3674376870; 3425117494; 4071152668; 168490657; 3069945245; 1252823938; 3263493677; 707564243; 2754915124; 2392503527; 1382112953; 1533183763; 3389929277; 3088730679; 3575599204; 880693120; 3820448371; 4084811944; 465709600; 1061692994; 4023923456; 2782364343; 3438050761; 1535731343; 4260056592; 1136758614; 2386327856; 3634643312; 4268300060; 3444561132; 810691271; 2129340075; 48813601; 227935024; 3828810454; 3368642293; 2567678014; 3698612365; 183299911; 3884341181; 1384265252; 1356104975; 3447940242; 757085081; 4027655778; 1665927686; 2390652440; 4206817554; 1141667005; 1779030592; 2137608134; 1533144580; 3531242629; 3369816576; 3867927909; 3335385412; 3914598769; 1705482665; 676950920; 2847134907; 1327131620; 3919657420; 4264047945; 219654209; 353195364; 2684604432; 4245190162; 2347767407; 692102469; 4040919489; 731087105; 3562783870; 1245439320; 456596272; 3330374173; 2887229602; 462514207; 877109663; 111331409; 517974749; 3241484791; 499496399; 3058687996; 1385889531; 1054781653; 3660727661; 2970179121; 3265864469; 3700473209; 2932579390; 1371396438; 203132423; 3613459091; 2954179573; 3700236331; 1874977079; 979778637; 1431433048; 412176533; 4117355142; 2320849557; 2233738579; 4146566602; 1338979915; 63552319; 3135412417; 2965733481; 68997065; 4119369706; 3681461581; 4112256817; 3301933898; 3958332324; 3736446405; 1162069613; 1361781945; 1486129410; 2413874578; 4167437346; 1831771346; 4130042976; 3220492662; 2503642258; 677746114; 917374136; 1913348630; 3646886674; 2191072703; 316644620; 2422770810; 1539716010; 1484619349; 396432417; 2354981510; 807886324; 1118164657; 1669321675; 64972804; 2652850497; 2016559744; 2925048947; 4189104720; 1598804326; 2607925521; 989379090; 2335002763; 310101296; 3943376907; 3750840565; 229453837; 1197293346; 722046579; 4123631576; 1547285139; 3517777737; 203430953; 2984884265; 2742002226; 4260477932; 1820533873; 209154461; 2506657707; 3505191624; 3531351720; 2331904247; 1235790889; 829939272; 713463690; 318568951; 1865914432; 752435015; 991483660; 3640954921; 3893514323; 2330133844; 980270730; 865894604; 2525984849; 2643017734; 3695698639; 496462682; 3716626530; 1561731611; 1784897565; 1254533609; 774900910; 1378164862; 137908673; 2250966843; 130156142; 4085696634; 3478092279; 4084183932; 1629550260; 3904672465; 2601254345; 616217259; 2133641047; 110699714; 939274828; 3915030951; 865642227; 2923653932; 3606839639; 3988024276; 745775545; 1281589779; 1905579040; 1713781264; 3395644496; 2241984718; 1503832974; 4044485000; 1619878198; 2239526309; 2963963367; 1127259510; 3638813557; 1189720446; 4062505476; 2345500977; 1489127265; 455485010; 305483297; 1032540447; 3802874817; 1565741208; 2704775372; 3733657724; 2292594545; 2295638226; 2173732863; 2100528199; 103765477; 460827339; 3766972855; 2848437400; 1467926033; 3876458613; 3998189716; 1443835782; 2387724805; 3541797337; 3050196228; 1136263777; 1675593540; 1500991554; 2075678550; 493076565; 6033179; 2032534755; 3158370778; 1576940414; 2718796854; 2425328473; 3533623983; 1858253147; 2934909646; 2206673572; 1811645832; 3137554959; 624017057; 3235578473; 1908457893; 3525768347; 811650808; 3589722279; 475636485; 2641499681; 1698036487; 1949547046; 768846586; 3257610529; 4197527828; 4082346955; 523515136; 4050109509; 176419282; 3643357866; 2789562409; 3692975369; 1026587718; 3514575139; 450782495; 3255242575; 3902539713; 1789680678; 1193984525; 1954741806; 4282888564; 3214425056; 993326097; 4149430755; 1808484555; 3288997620; 3398846702; 3431729839; 1062519487; 702949175; 3761256221; 2851494682; 4041454799; 922477143; 2410505875; 1188209506; 4292293823; 4217687239; 1871561692; 2895585676; 3577420931; 2858199614; 457535788; 1064714944; 3229365823; 3821716042; 3796165260; 279976361; 2657328384; 2836911232; 3132536741; 1679748198; 441161604; 454567522; 4009462907; 1043998507; 2099658616; 4067497774; 2147037569; 765907704; 4144191594; 586308266; 2180860428; 669248327; 1453322088; 3137621994; 3800427275; 2036088850; 3436027849; 554698588; 2178683703; 2306525426; 3039809863; 2360609035; 2871662349; 1351410641; 1138160976; 2810419043; 733363128; 565733445; 459074980; 4100996456; 4146397820; 1952483483; 2237135583; 2973312574; 1578230544; 610525042; 2471461240; 1045552868; 2179466935; 2258423685; 2333750707; 3399875112; 1683828989; 2566146539; 1890781219; 4054554269; 1449353904; 1117563462; 527985978; 1018556443; 1427041454; 3099137155; 3555249041; 3332464179; 3800979199; 3856176540; 1570252039; 1855144243; 3172001709; 2895596491; 2375441187; 1731847473; 974885536; 3219389116; 547290944; 2606443032; 3071886867; 1990069769; 3586275192; 4155407427; 615356982; 3869690201; 3515470421; 2472945731; 2881016992; 2161428376; 3246652339; 3311788885; 3852775517; 235684435; 2769983607; 1349917641; 752953336; 684000145; 1638316205; 1820938782; 2500788514; 2651240474; 1912460515; 1483149526; 3419703458; 3021965342; 104760458; 3683958138; 2781749770; 3144351527; 1832806016; 2253391556; 3109775474; 536398858; 2713266219; 2488313223; 277755724; 905590633; 3568725180; 3679057104; 482566551; 2429930487; 1929319636; 1752557696; 3073502242; 1651476351; 478239034; 2551078632; 985496363; 2465536956; 1330217904; 2266194425; 3990839648; 428755723; 78014074; 3765255287; 1597506519; 2162844653; 3382930679; 2018191020; 1291488891; 4149149099; 3161604203; 1533518239; 3461467984; 3445721758; 3939587658; 1609423959; 1754617296; 1299352316; 2668272602; 2446526455; 3599892033; 69255300; 3002823929; 4003521085; 2249388475; 4010861841; 1679268926; 3297226398; 2872660380; 55916637; 865739210; 302863532; 3958313896; 668129790; 468000945; 199495972; 2565042724; 1973612519; 3072158075; 1887832655; 4206557662; 1891882018; 3308682195; 1708865302; 1868737777; 215682761; 3324789776; 1108287148; 2205172996; 1625490492; 1938117762; 4005042235; 4223667959; 3320999599; 946131037; 1209018824; 2470448580; 90871607; 3706950876; 3637254405; 1345007714; 2311944173; 2478916356; 3120080200; 2765427656; 2007399809; 3946118893; 4248766910; 3228517682; 170615841; 2898176; 1150897501; 1047528229; 876362865; 1433017259; 1575242134; 1771008145; 3188521437; 2642668998; 2595507620; 523890589; 2106394263; 705124348; 1011273995; 2926933969; 1856049385; 478703441; 4233559334; 3291786439; 1223056203; 