function [x] = mtValue()
x = [ 2095853784; 634333696; 1996443036; 1096212315; 2300930164; 1633482860; 324214870; 2539575739; 285157461; 2142750390; 1617522950; 1400968434; 2160666700; 430470861; 214704994; 2056287141; 2603467378; 271426369; 2106194423; 2856615304; 4258349950; 1459964459; 3825107272; 3499024576; 3135439806; 4185993360; 3812466733; 3956463524; 94894743; 3342319048; 3508400221; 184310265; 2524849062; 133645679; 2595605160; 932319222; 880863756; 2188136026; 3486055372; 1312087276; 3672778831; 3518159814; 2101596577; 473133223; 2940931541; 1632339187; 1581873761; 4239511457; 2049751048; 3836170606; 1732403571; 4076204920; 3778047621; 3919887677; 960398507; 3870435558; 2455853569; 3243812578; 274977932; 2399236973; 3069059985; 94787797; 3366251884; 1336452298; 3575948262; 947154141; 2341484337; 2466649235; 2106553563; 3240229495; 3227166156; 593791162; 87316077; 2874360292; 767051351; 3242377612; 3991445921; 1930386696; 3675468252; 4201842774; 1263728995; 1853749313; 3639544081; 947800586; 1725776351; 1455239142; 3815951398; 3601732525; 3804373593; 2951609774; 451802056; 3074187076; 3328543336; 3634698338; 2119003687; 2175161711; 79392242; 3917256580; 1911144522; 2776835887; 4029841119; 3547539684; 3581079066; 619784596; 3335814319; 2445038965; 3306129913; 3958260482; 3160695458; 140453599; 3884038449; 2281416375; 1952686038; 1535884419; 562082440; 589031439; 61391479; 2111631359; 997204144; 1117730674; 1756011911; 2720233326; 3158178202; 2519288958; 1858251483; 1115898858; 2144477771; 2964759799; 2011236976; 1506712218; 3557450066; 3257804098; 604061603; 745581845; 1326650606; 3340558214; 2911736616; 3666839261; 2159063882; 1209632048; 2855758001; 1349088855; 616065084; 4012675242; 2888782666; 4192803800; 816177234; 2315094166; 87408103; 1316086902; 1889345721; 4213164701; 2371428731; 1312574229; 2241011092; 3816623866; 3117045894; 871257092; 3151964225; 609579101; 418326179; 3351796779; 23142999; 1061720633; 178800429; 836669876; 2613080686; 1322437616; 1418716427; 169808287; 2323366081; 728630661; 3850545609; 1636439373; 2931977983; 1242871489; 1891906079; 970140795; 2496369267; 3759229222; 2720891447; 406308250; 778967607; 318543788; 3207864595; 2714701622; 2826645416; 2183220407; 1758611757; 3251363338; 3058979156; 665975343; 1140256358; 985987447; 4124305403; 512649466; 2624341316; 2908593694; 746376589; 4048358176; 1902777785; 3189125179; 3210550371; 921328825; 418429016; 858702199; 1622290008; 3477082148; 3780845638; 1698116341; 2666505059; 4239072677; 2896833743; 1863547991; 3803630487; 4173397140; 3697698060; 3681373079; 2334107109; 1213266754; 2849082151; 1568073185; 980729844; 1249276340; 847074618; 3172819119; 185797662; 4083259638; 2224836137; 444055572; 1609283749; 2484153398; 2178237570; 88199766; 119046833; 2789836457; 3480498210; 4143563590; 3880208018; 568742218; 2945174784; 2475143495; 793721118; 3724177032; 2527757725; 2081364248; 2422693065; 3701525522; 428954689; 151903400; 3061183795; 3991507569; 4468514; 908867311; 1928482812; 2020799122; 1663912950; 1361768349; 4223690888; 169752506; 2541329883; 657931885; 3655724491; 826681081; 3597909691; 3608967857; 1182934159; 2594868932; 1540240696; 1314684380; 2569967635; 4181371628; 797948003; 3965836789; 3443875454; 1956744567; 3494641300; 3043891759; 490755215; 4153491206; 1585704743; 3014064514; 42666890; 884297209; 1698922938; 291530910; 940132315; 2650814151; 1392005604; 3458041248; 640870613; 617379787; 2441292138; 3028264526; 100330011; 418306247; 3453509278; 1347618350; 2089117706; 1330465954; 2207580059; 506477625; 1703634615; 2553397022; 3096718160; 3518025837; 2994208264; 1135096120; 2657662773; 3289484013; 3052149773; 4241398762; 1426914425; 3449597072; 1878140228; 1990681785; 2392114630; 3772460759; 3590035129; 2098078725; 2237916442; 2013798770; 84267826; 2036153213; 93400459; 2489283433; 3251983524; 2631382103; 240979598; 4190405242; 2568030059; 622659417; 1445231267; 1851828632; 2675932677; 863279966; 3364848184; 4004869045; 509110626; 537660887; 2510913286; 311272199; 3723724025; 2571975690; 2096712216; 3048967074; 3020788233; 860929240; 4074429733; 2227233120; 3769193222; 873268388; 2144951472; 3168131147; 3332094920; 3461644412; 2736379165; 3115148478; 2988988350; 1391560053; 288609674; 2638176872; 328357164; 1192995439; 2975050219; 50774083; 2636016576; 2008713318; 3837779010; 3439061184; 3582397150; 2955001218; 1553645822; 372324134; 63159092; 2679607557; 3147005448; 2056435380; 1644907163; 778700146; 1526087859; 801261277; 597438826; 109595896; 968829054; 3723982649; 1531219233; 126863507; 3980095027; 681291273; 3564588330; 2851446836; 235038611; 123778276; 4005498407; 1981565267; 378532937; 3972331012; 1079098121; 959205657; 525734486; 2211196759; 325533497; 1392454937; 3139284374; 2240631080; 2321976885; 960043391; 3457325865; 1324780825; 3895306864; 2311555450; 129351099; 1640758941; 1259212608; 2611371308; 1783448270; 2957252096; 876907825; 377130862; 2901937170; 2164889626; 3098591174; 2269798226; 3098976466; 3749392198; 2044333779; 2946540617; 1705513631; 1952573376; 1874437028; 600802520; 1256726195; 339741747; 3734290656; 2616318893; 3197236866; 3951024432; 631579649; 2277947568; 3414230969; 2547896594; 2409125654; 3589685817; 3140329981; 3315992066; 351789167; 999974368; 765524872; 3803477165; 2579517239; 881195902; 1479092423; 646478674; 1782390219; 2927766837; 1651825892; 2133433939; 1129155588; 1376297521; 4047493860; 290987112; 1090066134; 3200560032; 716841512; 4148295013; 2433556207; 3300363737; 123576011; 2076782015; 2802904546; 1493057550; 3035986327; 2505073669; 449380620; 2697410141; 1549918173; 3030189156; 1506190202; 1261330019; 1682841380; 4080602008; 3764353223; 2156832603; 2018207350; 3012488746; 2815903121; 1795194689; 353108845; 3328824831; 2121770306; 2485314269; 152906387; 1883457956; 2117131571; 2035940167; 3096121271; 2604268380; 2845935066; 3352502403; 141970610; 1379540036; 2136164682; 1750604357; 907234121; 1419090629; 4138769719; 4268524578; 2624699150; 3152016746; 2340220555; 3746439701; 2684292388; 955602068; 4193760591; 4008669661; 3182227705; 1882879924; 3114036759; 4041037444; 67173330; 661171972; 3412550959; 3354472328; 1005145231; 2191054292; 2392414084; 963207798; 3567928644; 3017278354; 1852993768; 922398767; 258811757; 897366695; 1964214180; 367586682; 1065026282; 4027764536; 334962709; 995351408; 4139578572; 2554191575; 2531098659; 1204432667; 2863488098; 534551477; 1931209005; 1545045287; 107684257; 1386026614; 1789102717; 256031142; 2973450849; 3288797731; 4062475023; 3433505922; 2535850806; 625389053; 1171289891; 544372771; 1485828051; 1110433149; 3928788715; 4207868358; 2100671058; 2374475759; 2347333269; 289560618; 2173329370; 2402094566; 2940545954; 1580730306; 1084576138; 2206476587; 243247279; 1555902856; 3959063933; 1349943551; 336844011; 36658146; 971617038; 3745267668; 3186217141; 1581313133; 3796689093; 3651160484; 1518984296; 2530462902; 2001922602; 405483739; 2217193571; 1060510359; 2317170240; 700263636; 3048872135; 4228434956; 2471991192; 1674299990; 2318281638; 1620619255; 2467330582; 2086833150; 3288535554; 3018208423; 3716234547; 3668494183; 1018857198; 1240885722; 3315453435; 823841647; 3007219901; 2693939151; 1609183566; 4029446935; 3050137831; 693494486; 2874905969; 3490924267; 463353803; 1402041461; 1533003684; 811344004; 1675151763; 3432222207; 1308046129; 1022239991; 3094632264; 3402346351; 4245580858; 2453056940; 451106856; 3869783118; 3350780360; 373643443; 3535644439; 339293212; 2287176995; 4283927494; 2374360746; 1077367367; 3485292069; 1037559036; 2927632297; 2599927909; 3064250573; 3984370276; 837678138; 3359818303; 1627331359; 1400140230; 1360873583; 2645174762; 4233347278; 3240150624; 3330654755; 4228586411; 3833480462; 4207432122; 2059573010; 731462777; 122433488; 4212105241; 3268006419; 3662413198; 3983329249; 1184024564; 3761197663; 3270883111; 3841067977; 2546121529; 1622644335; 3715361771; 3812002373; 984407912; 4210287384; 2449534788; 3108730104; 2580296518; 