function [x] = mtValue()
x = [ 2123806650; 1099952890; 3907250857; 228071868; 3103090233; 3671102615; 1552057787; 2234418945; 411190721; 3353997153; 2549956806; 3903618921; 1950582521; 75413631; 3286830435; 1522452940; 3175171910; 2546913988; 428068447; 2924770007; 2290992268; 3444617704; 2910589860; 4159326174; 2831254886; 1079481862; 935571983; 3808232375; 1062802483; 1297261829; 1455281264; 1976980696; 1940365994; 292002956; 2333800213; 1093120781; 1405993678; 3947986260; 3462185186; 448718845; 1449779841; 3287238332; 983172120; 2746483876; 2814877255; 3616281630; 53863583; 4155271893; 2402763253; 2817130046; 4215298590; 1590102193; 3105868948; 704580388; 4046362458; 2651069761; 2911537432; 547699390; 2345074196; 1835750311; 2351186120; 4100005572; 24471005; 3858539452; 2983984203; 1067453894; 692146196; 4264716752; 2277147435; 3393393510; 2778057124; 3905543529; 2133492623; 3625715748; 3091730673; 1463310922; 1607179795; 3974612990; 1272773613; 3664838869; 4002914361; 234832587; 93163370; 1447104665; 810092637; 2985474125; 586830754; 1808151618; 872238905; 2201676261; 2683034663; 1428545487; 141633558; 3269155976; 2691395322; 679796720; 2433425217; 2865379380; 2323452390; 557542325; 3664540630; 1828727348; 2092207937; 234223281; 1307128425; 538913944; 960785043; 1055427507; 2218686194; 178610088; 1623431890; 4029661100; 3516853755; 3714264636; 2506504588; 1727054998; 4016280615; 3672402694; 300026912; 834158075; 3440483252; 4094975722; 4042512538; 1799530868; 2957887315; 1348002750; 3219962360; 1355021656; 3286112134; 4270890218; 625152060; 3778692784; 922178168; 2414605168; 115278715; 3881978545; 38848764; 2521801337; 2490016631; 3561990141; 4037955721; 3176562878; 1449100002; 2325272650; 2783597273; 3428663554; 1389016201; 2049179519; 3885343551; 656245619; 1130897298; 255898448; 2073072696; 3581878781; 3874893518; 2511382207; 2137762126; 2933014015; 2897046248; 533693112; 1398425814; 1186507705; 3677805046; 3713249924; 2287231608; 326640970; 2280187811; 588506771; 879360974; 4070255568; 2805327713; 3334496687; 164834352; 2943778522; 2506284971; 627166898; 2780804309; 828636701; 1679745384; 2008239356; 4053949063; 1319608948; 161387210; 1379373965; 2005884236; 3096124059; 1572923978; 3819588344; 886511419; 549924933; 2411196096; 3033026212; 3667540082; 422949826; 1053347489; 1800760300; 511907876; 890831520; 3802129042; 369110806; 4011699482; 777849830; 785844271; 3330692313; 2706599940; 537510227; 4036483133; 1748294338; 4032081222; 1127279769; 378729674; 3661177389; 2104488116; 3882312062; 587629702; 3653475557; 638816941; 1106556184; 150580463; 1606186506; 407384510; 3122833630; 4196928968; 2794659014; 2373308130; 1714116269; 1358696546; 2215092356; 4037556931; 1152958052; 3527274128; 2531302689; 667801705; 4293184517; 1132049403; 1112899049; 822972496; 2884628905; 3968443810; 3695586919; 786157056; 1554702328; 90754303; 3953739835; 3098124778; 4166119617; 2573819287; 1791568676; 1952955391; 2987757583; 2917144720; 3078043539; 354081740; 1365720474; 763638046; 429236458; 1387812701; 157895538; 2092817507; 3774427048; 201324091; 2758677257; 1633294031; 606785742; 1043681293; 1720238632; 3100840216; 628390526; 2298378821; 265849437; 2397737308; 973127658; 1012641006; 233070220; 420713895; 2710614170; 2917214960; 1234786992; 2204510822; 880095380; 2266099141; 3653213167; 2968145741; 266991999; 1849106040; 826471579; 3130763952; 1269255547; 2456402767; 1522243189; 445178429; 3150029393; 1891889873; 1943937092; 3672656580; 3220034684; 1347163742; 3712964533; 1288602456; 1603196385; 2487665613; 2695723847; 1535988572; 3901333070; 4065479250; 4153225323; 3415031625; 9633985; 3174178410; 3835943863; 2321092099; 2531067159; 3996709138; 1717027912; 4120213527; 1897772019; 2288245804; 869884443; 4267751809; 1630508554; 4012913246; 1246004543; 1978915415; 3775727158; 4030905818; 797861479; 454368932; 796324751; 1734683534; 2081387824; 3267160641; 4108090918; 3639317605; 956208100; 1265200471; 455684125; 1464798734; 3552253954; 965314524; 261232992; 1693463699; 26575060; 1899420491; 1354087682; 2783659145; 3978043934; 2606142344; 2348395383; 2819594549; 1234094535; 2533626517; 2894333681; 3700985502; 1585166671; 831832004; 4274756866; 185159190; 833599700; 2339958754; 2665794100; 3445668392; 61484417; 3279370033; 1018791094; 3936767270; 1947838744; 1016956345; 179245618; 911671685; 493055927; 1998456679; 2398084531; 2495139147; 1945465348; 279581105; 1777710179; 3080309486; 2755323159; 702919035; 2040158294; 2062370251; 1178688007; 870905645; 2658093158; 3503017518; 3738061846; 109543677; 1495824530; 3314936969; 1532729812; 492466973; 3580012240; 2255527306; 1286020751; 4043518656; 413685841; 3761579564; 2784631823; 2602624843; 1310604411; 1893702119; 1401401636; 3691847691; 1396001053; 2709291692; 3762810957; 3365753834; 4014982037; 2328283539; 1581616269; 678533296; 1999501143; 37239243; 3918713607; 221783396; 1233362112; 4218489043; 2392915343; 154669789; 2400706642; 1880476642; 556776630; 1861459750; 547153069; 1870088646; 2724294474; 2572982408; 127600129; 1526276839; 3387473782; 3107911006; 948424281; 3919690411; 983511133; 3231941134; 2477098598; 2337060377; 1151940021; 32688674; 2296878124; 1986285361; 3111623482; 563128054; 2965677022; 1922285544; 1228529540; 2264733047; 253351469; 3775068744; 2937005119; 102101383; 3290261186; 1977551366; 1447581435; 1763820694; 566752019; 4229737705; 3436945527; 2724396985; 176477954; 863492443; 1417701029; 21326296; 464034928; 2232583992; 3563870981; 2160300393; 919759293; 926455592; 2664831919; 4196868498; 4282654382; 2228990477; 2851263633; 532079674; 174567282; 1624694509; 431529259; 2412408445; 3267493078; 2327802089; 1264356650; 3415786071; 1526854582; 186766663; 1689442858; 1782810950; 3549585236; 2566133139; 1184891991; 3267189553; 3911626605; 3504845420; 1122254959; 1861990972; 3541519209; 4131407798; 785575736; 1311406773; 2500687669; 4015067995; 708433456; 1036086980; 1627536152; 2963651822; 3284120928; 1935872426; 2770688299; 1433339063; 4225605839; 432363750; 1895502382; 4173989472; 1141395522; 1376543405; 1168471520; 3483283448; 636304404; 2290891354; 1518327854; 2966205447; 3404237242; 3081646145; 1025708742; 2459882881; 3520125435; 3011611880; 1900095771; 2993131725; 4227421959; 2943485976; 3076322080; 4048171433; 3230687429; 1468172799; 2642765874; 3831764759; 852328438; 79244972; 1941277367; 1332177357; 3576312057; 258085754; 2706244109; 3179993315; 2376748361; 261379279; 3403571618; 663922552; 4198322626; 1982877784; 4232512486; 3740952708; 2246221887; 4139500947; 3044911974; 3019196876; 638406771; 2372649069; 2975232462; 2888881523; 944369962; 4148949371; 1114804065; 912655212; 257314338; 95594163; 3807742612; 435137706; 84585412; 1678747856; 2278251228; 3951332186; 1589387697; 2941804645; 3216692506; 445573764; 1425493976; 797935546; 4160178852; 2306592956; 3007510685; 1576215893; 1057940577; 257406412; 3196686400; 3246057538; 541557708; 3877250106; 2341664736; 3531975130; 1755934016; 3718480261; 2753148201; 1459678381; 1976774439; 813321999; 404697840; 3809059489; 375929844; 2530782668; 3311332492; 2159000434; 937183167; 3810452978; 135402963; 1409888045; 4063723094; 3280760323; 388055722; 1620321084; 2090746099; 892251951; 1608686310; 1430617288; 937497399; 3731528297; 2181907054; 3931276268; 3491564042; 1083752712; 1306672186; 2542106565; 277441484; 1302450965; 2237323668; 380375994; 2831026941; 2761946419; 1669874279; 1397361319; 59626400; 2447706024; 2842137928; 541688437; 476412303; 2865804568; 598425802; 2694370763; 3620191551; 3415264732; 286714800; 4042510013; 4150718785; 756922686; 451417748; 1064433753; 1393705224; 1459111562; 1406997074; 2833783604; 1542492245; 2424048805; 2657037415; 248211907; 3856196302; 2312926801; 309322147; 968707765; 1080710791; 2132271871; 3332933494; 4010196327; 2400987200; 613918553; 2386608401; 3694110586; 173729381; 2694107388; 931022308; 1061676577; 765203767; 3805048731; 1781804450; 2465742549; 2085697717; 52755288; 3526686023; 1495624940; 