function [x] = mtValue()
x = [ 2929189285; 4160414133; 138848600; 452668714; 416023492; 1844588124; 1890759950; 2031278169; 3723395210; 1142785854; 2185470650; 2319920860; 1460393347; 1189785470; 3315252475; 1467718246; 1323963461; 470752970; 2774043660; 670999905; 1754402264; 3241289668; 447479373; 1292046681; 1610095958; 280668750; 1166138188; 2620789991; 3642564972; 3202587898; 4172314261; 57437154; 1908485422; 3928360181; 1506918853; 213969521; 3344730139; 2130612843; 1926004534; 103509793; 1217033908; 4045959174; 3113461328; 102103328; 1135328111; 3338308416; 1513735734; 1516026616; 1263051654; 315433326; 3238824969; 2909864320; 2663517008; 762783538; 269610782; 1918900171; 3915925115; 2124332345; 1838767324; 676284236; 2514773710; 577610847; 2499770231; 3734348869; 1951426379; 1142976994; 1450298517; 294869552; 2366783948; 3483303284; 2735051213; 1730737923; 901758959; 3078122853; 451743357; 1205376128; 2998218178; 3865539905; 3211370245; 2646514416; 3926948356; 1054482279; 3744257553; 1305465032; 4228995189; 819555763; 2347629978; 3318118052; 3191085196; 4233107970; 538764143; 2577761632; 3582922636; 1089807612; 1566611487; 3462364046; 1973909341; 3422036984; 384017521; 566177048; 370804713; 1948475904; 589195960; 1437387208; 1858413794; 439270605; 2862558668; 320424344; 1461033854; 2948125868; 2974688441; 3705933719; 4099705744; 212441591; 3934793695; 3272832933; 4243689475; 433178305; 8419292; 978297228; 3469296042; 1112093047; 3541713537; 1031074160; 588723871; 2215514823; 1501312617; 224396233; 424233110; 1896152618; 955471308; 1093928254; 600357318; 3957785429; 2473907339; 4231323529; 2499344669; 3744711639; 436148842; 1372613165; 2023341300; 2388169287; 1050131037; 819191227; 655642280; 2553436162; 2551005611; 2590318904; 3904235363; 2931702736; 1733267952; 3434908493; 3197536851; 534322941; 3723795048; 4211561161; 599373042; 1516553715; 782362948; 2911381304; 3332587091; 2832336088; 1755120518; 1533560510; 3693159328; 2276784629; 1301392309; 1643073341; 4123742097; 3036814772; 2522079835; 3662627132; 2468263039; 4040654163; 2189987415; 468630148; 2137362511; 2104734656; 751652679; 359132383; 3171950674; 2155872561; 4231359443; 482947614; 1672922190; 3066603195; 4113562920; 727381622; 4061085326; 3523115624; 4205277204; 1663157734; 3243222081; 4089191160; 2481614963; 3859990186; 2742555805; 424179010; 58682895; 3476360413; 2579492667; 1503117666; 3472884417; 3029081436; 1901281474; 2969604928; 3071996092; 3649172303; 1015377016; 3260473581; 1292356105; 1199958657; 3137608326; 711087049; 3845283377; 602024118; 2271555421; 2628854990; 1577289185; 894451769; 3915493820; 1685353611; 2147284501; 3868588766; 2194601681; 782445642; 4071412290; 845024821; 2503150857; 1644795875; 1429291681; 4285862662; 3115600822; 1302406815; 3308821799; 3083067507; 49564732; 3959414019; 2429490341; 4178331196; 1381529444; 2203487078; 2057399313; 3818206803; 3919634902; 683851581; 3742062602; 660686345; 2656651619; 3244430109; 426930600; 1192912880; 3461605822; 595337705; 4218522511; 1820005785; 1203873203; 2464222033; 358085543; 1766959731; 3556233795; 2251847007; 1458160686; 54883693; 1839606972; 4186712359; 2136443606; 671101285; 1145712689; 1731117103; 1614241553; 1544606250; 1582392644; 1316015657; 530123806; 2423007740; 1450794275; 4046942685; 2487514168; 82642214; 1569812140; 24851438; 1940649887; 1310060014; 1786630676; 3225306242; 140906524; 2861468593; 784076791; 1706557158; 2494545454; 2377356443; 4111585649; 612626926; 407729663; 2715276145; 31561509; 3670990489; 1820820877; 2197338330; 3601523708; 3428686056; 2913633410; 1609225788; 2290445924; 2484699730; 2060136216; 1957826050; 4204368039; 4067379287; 3384420297; 3253374830; 1908957327; 2827222362; 566656834; 2279725270; 3028697088; 4174303086; 1916195687; 416769773; 2287795190; 1423881621; 2486492819; 1995152057; 4024792092; 3821420022; 2533505076; 2958581369; 1883743325; 2744139641; 114411710; 1391843547; 3725284064; 3373420997; 3054762545; 3424990069; 4260085309; 2045870255; 1808517767; 3009805887; 652269628; 1148049711; 1111332933; 480243453; 2369250026; 1066521003; 888947854; 363019220; 1128339991; 3443153947; 4076217188; 572576139; 191769908; 1068375674; 860078320; 4061560951; 3419013593; 2256644430; 2913337356; 4031649963; 3138001308; 3522602429; 659683493; 1631285008; 45652103; 717391177; 3690745350; 3773201950; 3228656937; 932428684; 2844153959; 112183146; 3860563985; 220685333; 973877696; 2931529373; 2456571783; 3444223810; 3841029408; 2745845445; 3135625319; 3558593876; 3530392222; 1375395321; 2547593075; 2299246116; 1640384584; 1360381842; 3349804002; 1398874124; 3869270493; 2798321645; 644135910; 3018963790; 2319603679; 518745607; 628273841; 3818494436; 3782726159; 2967353292; 2574048001; 2277589395; 3255579075; 3877126375; 1484829998; 244848205; 4017106427; 3897274664; 3517579158; 2032334322; 2600332933; 3005114626; 3837740537; 3405920254; 676641979; 3149308685; 1656729635; 1839831539; 296500568; 1284113875; 2280374844; 4082737963; 1988789784; 2223787731; 3347251829; 1905174292; 1032426839; 3770665132; 3431377281; 2966509507; 2951766305; 1177656378; 3802483234; 2710835363; 2717199279; 1137628312; 3947256843; 2251234440; 103783171; 1559126536; 739733242; 1915338947; 3593716980; 2397299990; 3472557902; 1906411067; 1979240420; 3921473749; 4274695274; 1460255094; 1410707105; 2533071094; 1500251647; 2376678544; 1644130626; 390456275; 540130871; 250406037; 2951721065; 3891840229; 166160016; 308098686; 2472388027; 3274318037; 1242450732; 2349682710; 2736303482; 2305683469; 4155271251; 3183144473; 3745084079; 1175321513; 1762264535; 3847657137; 1818125592; 1926996036; 1371094663; 1588684839; 510492485; 150230903; 4086603577; 1852120051; 3504100633; 2326994982; 882688716; 3476890110; 2110754918; 3975761395; 972034885; 2838499087; 3636166631; 629176540; 1002641529; 150125254; 1533350712; 2170473304; 3470977806; 436895335; 2408377948; 3152009296; 3942021795; 1091293267; 3773856340; 3040529023; 645280583; 2460930319; 2620104153; 37046481; 692157599; 154239285; 1054580255; 352337097; 2341608100; 1563555466; 3649499144; 4078083676; 1233369068; 3753753904; 1396449813; 2546054834; 3757753101; 4197420651; 305653728; 4039841093; 2613504488; 683103547; 880262872; 776983583; 1874013849; 384609996; 3281595719; 2328733516; 1092101014; 2253472611; 434673210; 2299490014; 3835112794; 220909368; 1427133590; 699778065; 121439660; 1738963616; 1976136319; 2112700782; 3281401633; 1455450791; 2400240073; 3610616730; 3149768222; 2385529195; 2533450163; 754061706; 1524782724; 290035462; 2703336770; 179994720; 550578651; 4110955403; 373625777; 4102410203; 1988447130; 2860238414; 231639370; 1771819636; 1341664536; 3941884640; 255570909; 1713613255; 246516045; 1523058493; 4255326580; 1695478722; 262341851; 3851785579; 2699954699; 2174726182; 2605227243; 612862504; 33033418; 2165873972; 2400613868; 2564938809; 2255968116; 3461042111; 1711751583; 2657848275; 198772519; 2077774267; 1779790541; 3169645559; 1677095408; 3911436311; 869203179; 3871238786; 58713299; 3936969335; 390576324; 2740698387; 809657877; 1173939554; 3244984744; 2369013584; 2135746862; 2515926786; 3187229049; 4005381623; 2556378085; 2988783800; 4231797749; 2380185120; 76399237; 861856398; 3333942671; 1057229256; 595954840; 1086608491; 2994321188; 3593382895; 196942533; 3536698840; 611270638; 4182987117; 3590016299; 2619124899; 2853765160; 4000391523; 2861241562; 1089496852; 925887089; 2938168272; 4071347852; 2909559460; 372580979; 1193679666; 1248656270; 1511250001; 3847973319; 2988978807; 2158107512; 380695052; 2251828573; 1963161738; 1527332260; 1473519310; 3290369299; 566034854; 318792244; 3534892919; 3736970; 2096020958; 3304123120; 3082954873; 3800096703; 4286077118; 4103618864; 4290034987; 953328308; 2408782824; 3689179878; 445615239; 216259933; 1564324182; 1992209176; 4252080900; 1580714209; 3788947118; 2841673520; 215361281; 1863610938; 3300184384; 2283888152; 1676539112; 1719505195; 713245654; 3349450356; 3431881666; 1761528885; 3639929309; 