function [x] = mtValue()
x = [ 1617516941; 58402557; 1306591247; 2960066468; 3910674326; 3094088849; 3434921530; 4049271563; 2875885139; 1706230093; 366312630; 1826600231; 2286834889; 3560500652; 94770529; 3988245045; 132790664; 1419895783; 1933606240; 2777894093; 3583161051; 2967128474; 1946790573; 803695540; 236501947; 2954021277; 3762765503; 1124043794; 1510813507; 2677590947; 821136483; 2993732581; 4163257589; 1799455900; 3635512743; 4188867798; 4038231623; 867471206; 426261141; 3659496211; 3187459423; 3231563261; 811846233; 160791810; 4100634840; 26940714; 3190680420; 161136592; 171871771; 3184194106; 3258360440; 1476532109; 4091001705; 1722524839; 1289402242; 2896379458; 2269771084; 1787043626; 2866293691; 2363386739; 4150195147; 462632376; 3019077722; 646443869; 3244598737; 1895058432; 668531127; 3418775062; 3520425996; 398038710; 271173943; 2590941955; 1460299017; 943142605; 1237055652; 1776710523; 2188579755; 3143579389; 236555852; 1778293822; 3152822129; 938797395; 943463179; 963558258; 1348379527; 875828484; 3138133675; 1151029626; 1733508311; 1200617076; 2170225235; 3410459033; 672793256; 3249201541; 649018815; 1600542869; 2701100571; 1216631667; 3361868689; 2860459937; 2936795355; 898778358; 679114733; 1839438219; 4239704763; 1809852023; 3831943658; 1581477149; 2320207910; 2870346210; 666541468; 2435790605; 1374215337; 3921672904; 2216289644; 3197241353; 3861182297; 932779907; 3576648217; 2680707115; 2999303725; 2858711996; 2328868226; 255968135; 3927128859; 408251580; 1524261440; 1333398942; 2220472846; 2986255665; 1258654126; 4175024728; 2527820120; 2734046852; 828115810; 1048528668; 114976681; 1855807127; 447889485; 3084559338; 1014082300; 1745215830; 269247077; 3081281105; 1687404455; 4055292753; 1808732932; 3939010059; 373617013; 676330274; 1798130897; 1440001002; 186527446; 2545793849; 2478027982; 3078683802; 2833236478; 2639491929; 1182306813; 3387879675; 2838509504; 2889672232; 1485314587; 870794967; 548399907; 835779792; 2603696806; 1927008456; 1152043430; 3889678871; 590584030; 1855841948; 563785791; 89672331; 4204730080; 4022586329; 4057415222; 3670194271; 4047615899; 3066089525; 939775847; 2710423003; 1374038823; 3662050937; 3393750544; 503849356; 1994372577; 390505608; 534065562; 1877251483; 2035071782; 3357131755; 1718394954; 3961349988; 4108059189; 3293658962; 3904035977; 1088498397; 1375414099; 1305548530; 4268430443; 1379212692; 4049959758; 47747912; 3522565136; 3839499575; 3315104629; 49938524; 1979713259; 3375586750; 1061816981; 1251871678; 1314006058; 2846595166; 3189067141; 2517384045; 4001286463; 3870936687; 3654099036; 4256927282; 194554071; 2318713055; 2501349212; 2291050285; 286512771; 2417272014; 3436617507; 856610603; 3196133959; 615672254; 4051513207; 910741860; 1409626662; 748115158; 647690737; 3195172977; 3064920605; 2904359511; 3060692620; 1840389078; 3769954704; 1246663748; 958764464; 3408545181; 1199496223; 4166551884; 2660355359; 1837252054; 1280803851; 1804483695; 3932454714; 940276714; 321335956; 3256951842; 1722156963; 513989707; 2222611541; 1851831699; 432285402; 2543115699; 599070572; 2946313583; 192649923; 3375536287; 1515182403; 2752045354; 447971676; 2633203198; 4224248171; 4142474312; 3627031664; 2893657897; 1458079110; 171316229; 2509585237; 3333849387; 3902432304; 1470924780; 731980397; 3413954105; 4168746676; 2380527422; 1721164025; 1842858942; 3592545366; 3771288521; 2329705458; 2834523638; 1898054129; 1790319941; 1916680319; 2489321997; 1098891648; 3072841340; 30600727; 678026796; 2989703441; 2771785456; 3254197247; 1262971134; 2811946333; 1738559342; 3426942160; 1286269782; 145120494; 1432015188; 969700924; 1289201336; 39771745; 1348470026; 2035950756; 1185197707; 2751805583; 3899813021; 100522818; 1761903883; 1867316215; 2189022854; 2479908778; 2831144463; 1929197433; 940104698; 2261434429; 307114487; 2274927478; 751391601; 1707898097; 1040369072; 2862972960; 4184260835; 434111703; 1344365252; 683424798; 2991512965; 1558781642; 3693443065; 1525278794; 477034353; 4048163599; 1042196312; 2295575564; 2441023332; 1036261477; 2705027249; 313672218; 1046343973; 1570509311; 1873264052; 1539252119; 1559880075; 3806123583; 2364456073; 1514302161; 2011457568; 1783145796; 1789397689; 1882352941; 2480562541; 3604264210; 2873681252; 2208422396; 4202104506; 5946447; 540256327; 436932668; 743664587; 846689484; 3764220405; 4009795323; 3261660456; 770877667; 3868293295; 1564372033; 1197806467; 1576005745; 2981532390; 2830847620; 1235700279; 2905153792; 577447030; 601014256; 879409490; 2389441749; 1474059059; 252531053; 29057688; 1235990759; 475502032; 3780819286; 918605940; 283202751; 346145158; 1002142881; 2672450872; 3106413520; 2309435175; 1230613277; 1733794281; 1221322425; 3985429053; 628099964; 284509334; 2001092241; 1373891250; 1592127814; 4066418678; 1419138906; 4278948181; 4066182896; 3444923916; 2933907602; 2951732244; 1871009915; 3886768153; 2619375895; 4259499207; 1030199921; 3122224236; 960698165; 137436885; 533730619; 3384503947; 742555275; 1924254788; 3687205169; 997041771; 3856744759; 2600206458; 2158774819; 2175825600; 3457478484; 1047103290; 812034178; 824609211; 103189193; 711687035; 552880372; 1492434051; 657073671; 1281371294; 1332129890; 416805655; 844676881; 2641049323; 3051771801; 782643782; 6960589; 1932120899; 982914330; 1036675430; 874305814; 1098695255; 3313921399; 1719158189; 727741270; 1406296356; 3359890190; 3362944254; 73305282; 3082211536; 1573790853; 373445287; 3228870603; 72258707; 2315892257; 351406058; 663998033; 3329691299; 3788136724; 1585110351; 1686798399; 3943463494; 3472783438; 415152833; 407907995; 2498392349; 3017181826; 1574675598; 4284096835; 1395960407; 2677164370; 890334609; 3721377122; 1007730377; 1845658930; 4228836719; 3582597622; 2860437691; 2299414949; 1671867387; 2820066623; 1240647720; 3858688403; 4243340175; 2946760144; 1137986699; 3315393389; 1757677504; 719394288; 3336537623; 2570375985; 2307367781; 1183345065; 826415699; 1564881045; 1533118565; 3830507151; 3011844078; 1313719284; 791282591; 2465343613; 797428840; 885333453; 403099854; 496294551; 3556386578; 2513613022; 348007651; 1164460349; 2453645764; 583638523; 2888111495; 1827716625; 1394046397; 3723687441; 3640683527; 615062376; 2840003123; 1960211850; 305859579; 1923255720; 1969141053; 1109402473; 3317926627; 493116223; 1663537689; 2242419759; 3196954425; 3425755018; 4211034612; 2630926375; 4071449038; 2724992026; 2248061617; 598330348; 1763286132; 1168045452; 1876704341; 34973675; 531382386; 1252573241; 3960853; 2333855811; 1488499778; 1938911085; 1741550525; 3506589213; 1290386675; 2715374287; 2790892329; 967571466; 190765854; 2876445481; 1147785044; 4095426865; 2873433967; 2547643708; 1214206929; 2621055330; 264761794; 2109846719; 3491458345; 3675301030; 1806178357; 1875341973; 1599796812; 4050809096; 1509353495; 1615867084; 1088143868; 2228557819; 690905561; 1444340697; 274316402; 2446765202; 3834453619; 3522227337; 2388485534; 1689148999; 3949916861; 2375493022; 310046664; 3834737060; 1437599635; 2231816465; 3999971942; 2102833411; 759324300; 644844996; 2939260249; 1203479159; 667810087; 1372974030; 2072437754; 925157326; 1480709747; 1533331063; 2518476322; 1223317554; 3063991147; 1002601385; 2147451011; 444686482; 1374722727; 1676367556; 125239966; 409911729; 1504000854; 3211986890; 2824948640; 620111276; 2307405035; 3585460996; 2005898474; 3123844449; 2423137515; 2656835286; 4005708664; 112947392; 1898912961; 3303266588; 2178584717; 1160451700; 1745794141; 2512541935; 2761301167; 2685075850; 3934583680; 1770537249; 2042518860; 2326434302; 1504505004; 3298506765; 2791551663; 1610448579; 1007584369; 2604907375; 283862955; 3190179296; 3734563050; 1414333165; 1190822558; 3884635696; 1659147545; 3169861125; 3138405554; 1848873734; 2634834583; 2660383514; 3435524703; 3702830042; 184125017; 1740876763; 909652055; 3320064426; 1941168193; 2028595151; 1602455098; 4053471970; 3843518837; 1685666804; 3831898291; 486080629; 4210843474; 1854510509; 1642636555; 1647100249; 3638861170; 1055199108;