function [x] = mtValue()
x = [ 1130855044; 950517686; 4171603516; 3900861399; 2412056597; 2928702076; 3557175263; 1605678372; 198177555; 1458046085; 3705922913; 2595888563; 2320331049; 4148598747; 1825977042; 3904987418; 882851874; 523989289; 566255365; 2721580078; 1153528957; 959215448; 2479267358; 3130426451; 1401515846; 990324091; 2108503025; 4104898230; 633577239; 862212801; 1051918175; 1732471985; 1483395001; 2924963955; 975244129; 231238002; 4244665199; 3631558572; 2190163919; 1108797258; 135647299; 2129665973; 3618342491; 1919469079; 2500541376; 2765418859; 1320918066; 3436837906; 861302790; 346957959; 2087265719; 2939669026; 1856219556; 141547879; 58723184; 511761881; 1081205140; 2294080140; 3478395539; 2325525711; 1666057921; 4836561; 2083258114; 2623590033; 3457949553; 691571982; 3460558900; 285783759; 1560794143; 2438921583; 3730652813; 3401113464; 3431292645; 2775150205; 1499704644; 3861463295; 166266413; 2045498172; 968074736; 1036103899; 2641544072; 3060988464; 3354103794; 2220125755; 4090313150; 1963982830; 3785737264; 2862901421; 2257451591; 3029532371; 676220149; 2707987450; 57940133; 1044933964; 1199871923; 3353491202; 2811166894; 2683226376; 577044039; 1347419665; 3641552873; 2787852560; 1738200545; 904228509; 4054447429; 3636837155; 3158018648; 3328887559; 1282691275; 1675375007; 1477775210; 186582130; 2744577620; 4125833650; 2683081388; 1413715317; 1423796384; 593588507; 463027004; 2172099585; 1731558053; 2271181824; 696941743; 3486710248; 627146826; 1978351526; 2862982072; 1030245316; 441834665; 3471242241; 2732246387; 2300208637; 481507439; 3973501850; 3372091947; 1604769118; 2668880243; 1690368936; 3205566356; 140404898; 1565551025; 631059847; 3250702410; 1726536498; 181166913; 3044054116; 2733726415; 1722541670; 3385728879; 3101575096; 61765523; 1249332774; 3116054874; 2921502506; 30100873; 1204686799; 1671689451; 2965752702; 3469322894; 238322730; 2028134257; 1183984885; 1587627571; 1157393810; 1240264108; 3834233671; 659506506; 597428490; 680563787; 2195587276; 4172744347; 233247231; 442667856; 2817296636; 878436724; 1902229310; 169342034; 3972602054; 4266972383; 4058628833; 2038467086; 1278291225; 3783043717; 2409398244; 1814736250; 3082000246; 453983470; 2177456050; 135293797; 2920784135; 2933494008; 3876658743; 1103647112; 1898013761; 1537039858; 1514810528; 3113678289; 2293371901; 3160188455; 2247133720; 2432452992; 2692461168; 3458814325; 2979002895; 2984147711; 2033774321; 2492143941; 2923032967; 782831811; 2106464992; 2381023399; 3091080861; 1907155639; 2218613689; 1063094458; 20462304; 1776007139; 2913308300; 1503318568; 169500526; 2987050536; 1188909083; 840917011; 2714865540; 2362391272; 177496108; 152191526; 1779862259; 33764666; 2017328042; 2491827353; 1216382465; 4235494565; 1452625941; 834186575; 3031839650; 3829402323; 108009979; 1534645698; 3048917845; 3204885305; 3222313619; 4112762398; 3057131704; 2024273441; 1533712960; 3188658909; 1881478346; 3828947840; 2218597016; 1812112281; 2285080358; 1550569592; 1740909874; 3808053607; 3176090766; 829508573; 4071897328; 1984053864; 456441523; 596788303; 2369460411; 3071464291; 1319805903; 2367834420; 1850826587; 3423063855; 325205566; 3150036031; 632426703; 1905130701; 32554488; 1244655543; 1234508198; 4082011055; 3581243113; 1077648287; 1157946153; 1546886144; 3297642742; 203428740; 3140186101; 4166399058; 352175538; 2474355125; 1615442826; 3388770842; 4201748779; 1082143468; 1691241023; 2554207797; 2710831504; 3502705137; 3842204897; 2658968160; 2363598610; 1963359199; 790033821; 4164504790; 3243965547; 454216702; 2759467904; 1853894983; 2870519107; 2848472571; 88567626; 1448132631; 1085845173; 2749113869; 2566061480; 3428265391; 2303148089; 3623057534; 2591670142; 2182380624; 2237874976; 3155077521; 2967850855; 502788340; 280359750; 971263110; 2057747426; 4280558602; 1955861573; 4012050875; 39906920; 568321540; 2906174593; 1119907590; 3236185072; 3455220263; 3632115202; 2750911087; 4063253011; 3024592280; 467743309; 602118199; 2730892660; 2828892990; 2291037240; 170837119; 1687144263; 1559433403; 3140774318; 1831122785; 650607964; 2450606976; 3337711679; 894168904; 2809804261; 2587565960; 4184552013; 450502037; 2969943662; 2059137946; 2020034798; 466221953; 2699740304; 2748709611; 3809319318; 4243474361; 2303904119; 708191814; 784464260; 2314669483; 581271240; 605729921; 3074108700; 3904011559; 2268233011; 559383945; 1972649117; 2783656236; 1743367435; 2727367435; 4176690280; 3122426666; 1502632405; 2590702602; 2502783621; 3703656528; 1365212964; 3575747754; 3760455539; 3495466848; 476779741; 91019252; 1040009307; 1617132906; 2316476116; 2557077243; 692601865; 2889219666; 1774433426; 2645756996; 1677095622; 1693532590; 592504023; 1641415790; 204562184; 571664424; 1860509579; 1090290745; 2011490624; 3303577253; 845839768; 4188374754; 1847610085; 356868401; 948114550; 968141412; 972020426; 782232383; 2256153162; 3287788875; 2602632923; 1101362452; 158673619; 841921834; 2012894343; 1642573367; 1687345137; 386682686; 2331000737; 2237167172; 867285239; 1655284607; 3137355074; 287304422; 3743837155; 759933405; 1892589715; 470333786; 1107087120; 2591559991; 2313833557; 2983313218; 2776010515; 2958882303; 4004809198; 1584948668; 510889375; 3148650169; 1217755544; 2714702745; 3863112469; 3680714451; 3159221000; 997310418; 3359967695; 3203277891; 3614660506; 2626974234; 2219254662; 1100992558; 2787968438; 3566948347; 4093280769; 1424490154; 418707971; 2956180030; 1005607373; 4017434340; 3406044491; 133054483; 1551275086; 3727515835; 3158790203; 4185012993; 1128588561; 2775976988; 3956848288; 1058034129; 742812603; 2551650509; 3125467307; 1018248339; 14327646; 177090858; 358771081; 1632898838; 571371521; 1238413315; 293160180; 4052619788; 2686597050; 1992017170; 1528427845; 2928303870; 1340889440; 2315442210; 763142340; 3629682777; 1844102716; 2539036079; 243809088; 1618330653; 2264227965; 1995005917; 339107219; 3755332506; 1897728843; 198989667; 1283484275; 3467659634; 1943284071; 824417227; 1705449459; 3975073288; 2945715032; 3701401498; 4058657767; 193625184; 1546746141; 625577309; 2228755655; 3915979311; 394225491; 2366260078; 3394218717; 952797253; 2356429170; 8046668; 2267423375; 917657535; 3966440286; 2859808958; 2903482539; 95659713; 534347780; 255847973; 1416414756; 3310966935; 2505440857; 1336986353; 1322943425; 2786849691; 1707156582; 1253408640; 4190832573; 269723769; 3086518515; 3596964217; 3167139427; 1818081449; 51590016; 936561581; 1674552783; 1678123143; 2287950603; 3631863419; 2378216088; 1297545610; 1032369985; 4010443560; 2010803441; 3596399804; 2798754755; 2730427167; 3876398447; 2116237096; 3847763619; 2827134602; 3441502137; 1704285939; 2339616739; 566471924; 3972055932; 585988679; 1054931232; 187198961; 245275435; 3995495613; 635695078; 3235635169; 3786376318; 1997151259; 1966015850; 3985777900; 1205660569; 564339499; 523731705; 2235016094; 4070853043; 3116184753; 2332957985; 1455631891; 776044344; 204809450; 46740066; 4198337068; 1773107795; 1415075264; 1080430526; 2814360334; 2156234768; 385797081; 3428757630; 3319363658; 567126989; 2477062779; 1990742384; 1586149841; 4010348924; 3039664568; 1409455648; 3275388773; 3069250749; 839339874; 3690504504; 3399636410; 2080470589; 3779179215; 2947572131; 2259332406; 2159707942; 1993220022; 1779771488; 218291440; 2340461604; 2040163479; 6912721; 3128686248; 945423267; 130969855; 674117139; 1451572382; 13172844; 2441836732; 922788137; 3359016848; 2995719116; 1816858447; 1517843321; 3387038683; 3759118654; 1589794915; 691331959; 1842686673; 2253588174; 2401143456; 3172131848; 3607571330; 1187297066; 732265006; 4261855895; 3127250715; 654863198; 82785971; 4037329945; 3726815835; 189310771; 1864205520; 2133115045; 740940408; 3405314062; 2011994530; 259750885; 960006126; 818134463; 1340607501; 4054252854; 3392697990; 782917695; 1326880207; 3809309875; 2208038563; 17292706; 3244737525; 3966116229; 197838813; 681188197; 1370372408; 796170176; 219113071; 2206288360; 2714084113; 202926390; 1109205949; 2275732498;