function [x] = mtValue()
x = [ 766608030; 3957997570; 4264985409; 2937118396; 2227998563; 594477344; 4028391382; 2765090622; 1485767995; 1737472826; 815418122; 993058284; 3072607519; 933373800; 3990139231; 1171825939; 318992196; 1980573299; 1290568568; 142956113; 2625105388; 1591643418; 3441064616; 596427611; 2884513339; 1267755884; 1624215338; 1376270876; 53013701; 2938630709; 1971711297; 1532262140; 834104196; 3769028698; 972938594; 1664127596; 3424172948; 1911773559; 1455224561; 3244526380; 3654551541; 3444391160; 39108108; 4153064815; 714221350; 602438734; 3413675543; 609389260; 2624373209; 241248486; 1650683331; 368732682; 1265850355; 682780209; 1650412055; 917765165; 3413218842; 3021663060; 1108500569; 3366334733; 850498705; 1394799568; 2503051363; 2183127586; 1007459046; 3244009687; 1707468155; 3342187470; 3415289990; 240997068; 1498486915; 3792272457; 648634924; 2647401790; 2578106445; 3432128518; 292298662; 1235738768; 2716848973; 2751222850; 3639881632; 3009986062; 1547406814; 2991404062; 2816190842; 3901278590; 2419769084; 2453385020; 1956946802; 3231969027; 2438244146; 1236411799; 142260977; 4271537443; 1534991269; 2345598619; 3538709810; 3358689696; 1168529571; 3777391743; 445017810; 3222014633; 72950694; 400562159; 151706538; 934740112; 3938246061; 4172326806; 2650339461; 3053548957; 4200985450; 2185448666; 1258192670; 3696785060; 3931481805; 3259371718; 3192598905; 311016238; 1682442694; 1690307681; 2888764195; 3046721808; 282796524; 640944436; 3703230422; 795857595; 984496662; 3162510367; 3356861352; 1549357037; 2567291419; 1036461476; 1366629276; 4200506605; 10498610; 3076267111; 1354313583; 428836560; 1822973780; 1338660503; 2770852617; 3477928355; 3595903126; 1769221918; 669049933; 3109614622; 775849416; 2051153008; 4146584235; 2998865923; 1472573872; 4098049128; 2247576411; 736527029; 4219700558; 1686127834; 1155960669; 3639655024; 601376752; 3049779223; 3028624752; 3866636295; 2453282007; 3457615378; 3911424324; 2161435871; 3146704435; 2500846730; 865207658; 434869099; 3172209647; 1104220908; 2768542142; 1953059134; 1527571238; 2355519774; 1611256139; 3150308551; 857241921; 858857732; 2589924317; 1732024179; 1007503085; 1890125137; 1501234813; 197451163; 264194893; 2456194050; 3774860362; 1948977026; 2832962509; 1000684142; 647117966; 2302099002; 2329914396; 4127263696; 523278505; 384901670; 1125089316; 4067678506; 2230958198; 37790647; 2518720839; 1755460310; 491952817; 2663003137; 953324001; 3573426769; 1703773982; 2087464183; 1110454905; 2513562291; 2465162761; 51817398; 3288585675; 2833911740; 309287464; 2647458499; 1978338605; 1103164600; 293983859; 3609309759; 3987931151; 2098557593; 1697427754; 1636968017; 2109810395; 3453944249; 1759886887; 131152516; 3670427996; 4010138728; 192927816; 4059330916; 2329951454; 3341392541; 836271655; 1987936987; 3544174886; 2759369288; 371749302; 4270192779; 3988424491; 3830656390; 35612617; 798880787; 3379395379; 98123797; 3249885747; 1421290344; 2602527962; 4019679293; 1451057197; 1962418021; 1763488255; 429012516; 338091497; 2779158956; 3480473393; 2546353548; 2567796525; 2068395260; 3871447459; 2568449028; 2442744320; 3796702339; 1974855290; 763877737; 13410408; 1257860871; 1719044203; 3999353541; 1969504748; 2812194596; 3685727454; 2487876583; 2489356395; 1036286105; 1277082093; 4145560796; 3993819702; 3928262320; 2409399763; 3630592834; 3710868036; 2978606269; 154009806; 268702414; 2290890109; 8450168; 1563936113; 2993815300; 2043890932; 989855106; 4185920877; 2748122027; 618882904; 3209003298; 2791526232; 2128720395; 1571142127; 487236237; 2390132965; 2784046476; 2751267364; 3199975804; 590640681; 1767347340; 4010126269; 2443357959; 55931677; 3574617868; 2411938557; 563462144; 3446562460; 954297234; 6775551; 406271160; 2048564198; 1884530194; 1763026963; 217083551; 1905963299; 2406066145; 4134912501; 1428493768; 2258172764; 3312480410; 2109817666; 2609148635; 2926083309; 1702534872; 4137810566; 2120028373; 2935949673; 695210703; 4184715986; 856891897; 2164307983; 3160554492; 1664233594; 1200779623; 2089519086; 1439453599; 3620642152; 751210145; 3480453871; 565746708; 516395851; 1375086869; 958829813; 2563615815; 354303066; 1265533420; 503552862; 3799582792; 1455239484; 2911268948; 302486830; 1294932022; 207264485; 1013613507; 1605788597; 4181879274; 2886578554; 3504050016; 1154749246; 3320067150; 348409512; 1634608467; 2091446839; 538811143; 2126958266; 1613679947; 1049832874; 2879555315; 3924023080; 3836840175; 958867123; 1650228374; 2935438189; 2691649296; 375878271; 656875118; 355628374; 1528429836; 3820251609; 1235759531; 4007715054; 69966064; 2422810580; 205626827; 1146739595; 2977318916; 4112711329; 559322927; 3014761352; 1304623865; 1154606461; 4099718938; 3549655675; 770525003; 2778050872; 4021402423; 4279289261; 1811757371; 2768453420; 1259996372; 87636839; 3037051007; 3612006650; 4291274938; 3589934571; 2970660291; 3290568373; 2031155383; 205936458; 3033854672; 4060748659; 2097208019; 3421300478; 2661287652; 3202498463; 2680572778; 552354405; 4168269732; 4097842479; 3105870446; 1179181112; 1615029876; 344843438; 3903732527; 2734173069; 3183700170; 3728014453; 1659106982; 2964042236; 522118077; 3796640542; 845267457; 320058604; 3412663679; 3430521803; 3443064800; 771784606; 2464006485; 1929723609; 4012448164; 22374351; 1885756538; 3551086093; 4258542298; 1580234319; 2991840004; 2065680764; 3147988943; 545734068; 4274670362; 2947866341; 2720782784; 4107378553; 3258847274; 2133848286; 3944540170; 2637376009; 604111856; 1855510147; 2213246310; 2074927784; 2665583638; 3034566788; 3707570523; 1056134552; 787180110; 663358594; 2353589106; 1765722788; 2812040239; 2597385175; 1839134870; 3973163801; 3016138363; 3958797826; 2697148135; 2157815999; 947450988; 1721673850; 1035796705; 888883779; 4214546085; 2948299353; 2295102323; 3583026171; 1934689192; 2643563112; 4037416409; 44292050; 441771248; 1246510273; 2875694397; 4059160042; 2085200369; 1509123326; 2484331050; 3866168850; 1961515722; 1721743837; 1637789281; 4038661862; 751271680; 519464499; 3502195190; 1531288813; 357902820; 986119709; 1722503899; 2273685065; 1067357769; 2949941795; 2563294696; 4149487160; 3657463756; 3738975105; 3290546827; 2235448779; 3039011883; 3445623773; 321030184; 3513574208; 959448105; 2910759911; 3359521114; 959313593; 1372567237; 477012911; 3570949942; 1049697172; 2062824861; 3151505742; 783957783; 3398357846; 836481012; 4059042826; 1895381509; 1712061594; 1269188495; 267351353; 2501789285; 3437566206; 2916948772; 488449569; 612397677; 3764548599; 2702326249; 2644439607; 2350671641; 227605392; 2955506838; 1224242481; 475810413; 3026041884; 1546621354; 3031862522; 2003526348; 192768941; 4222397818; 553436427; 2601357050; 1396427145; 776706072; 3103493858; 2578128217; 3453648742; 1326217829; 2937268008; 3641535945; 586723184; 2084614212; 83522946; 1114304842; 2266613834; 658842021; 2550308429; 3207539300; 3582951961; 4025623534; 2798076067; 3569283861; 3976064816; 253588060; 2518251751; 1475414966; 2728915652; 211959426; 424128774; 379459106; 4042415119; 3062702532; 1862679735; 948060261; 2641639431; 3407422847; 3905772681; 3047614900; 2478313966; 1195227584; 3360914597; 3845890057; 3492562880; 317327873; 3252898771; 3079007881; 2973213000; 401112192; 2551394380; 1744146956; 1665056457; 564453845; 2663675677; 38175454; 1093618899; 2571740304; 1863808226; 3628022034; 2450397503; 1817804857; 2430632073; 1104876993; 1471447520; 4172268510; 998198338; 1909664657; 1287583175; 215449551; 2797215276; 416038385; 4151221669; 3066203405; 2400901119; 836296737; 975204087; 4213465493; 2790160728; 2598603739; 405839359; 3161216413; 3418422975; 1369698829; 1363306968; 3157364967; 1790264569; 3138597725; 74322269; 3618825667; 515236816; 2082669846; 3304982434; 3931527126; 1311014877; 2443855760; 2767891649; 2166345616; 905798619; 3078211784; 3705281625; 3999300377; 3727538196; 3148408963; 45627473; 3922713730; 1954931811; 3011386144; 3853128887; 3891320201; 1112234054; 1127070726; 4272974977; 3073300076; 3357378344;