function [x] = randValue()
x = [ 182763405; 109154999; 446108423; 1684527818; 1635307305; 1254390500; 49125830; 1556028381; 1561763488; 1670228193; 144726665; 170004298; 1553282878; 1683772485; 1923226081; 454540381; 1369212178; 304814931; 1000109632; 1749354585; 1616430001; 813593306; 1136545519; 138223022; 937902081; 2014967983; 184497607; 22068919; 1307087126; 69965695; 1380612208; 936729430; 95144985; 152164320; 766112879; 131961429; 464778798; 1690072811; 1372478420; 1887077829; 364497912; 459743145; 111523206; 1021502492; 502703564; 1561446503; 1797295819; 674368020; 94591503; 696150308; 2058945128; 1610396608; 1591255567; 969265795; 1554339697; 1987565756; 771692775; 2037647020; 1166318904; 558942313; 1714021677; 1537563972; 1047811474; 223290110; 1888271687; 579310259; 1911792058; 53598927; 294324405; 932833020; 1855494859; 1821897308; 668237483; 1843608456; 519687314; 1237049086; 1825960216; 920676054; 1845584453; 751862107; 445506323; 1980975860; 815814642; 906947569; 9213907; 1630391762; 2101164912; 1795823735; 1629830140; 1001073235; 678046594; 1398447; 18578311; 1197724844; 1335440850; 1085425148; 1634460461; 96525689; 1437467643; 1481926293; 1096548836; 1941732078; 2096393956; 1799459629; 1771099798; 529375375; 93566410; 527732747; 2145137705; 717220134; 1981894039; 757554409; 1795210089; 821624506; 1446233267; 1009083056; 1195881383; 1706438157; 117684718; 1082536380; 741380407; 189946163; 479803719; 735137757; 344232068; 1178307589; 1427749325; 1384385290; 1064335027; 219836458; 1780474792; 237837814; 1102107050; 363971141; 1937575650; 854909634; 1743180385; 1416761488; 1263016422; 1188906216; 613284262; 1893853855; 667663453; 381389512; 626195035; 1852019627; 90666753; 2011140057; 1423026398; 512240294; 2034089415; 1023624959; 1294210795; 914448141; 113716805; 1756379102; 241740383; 148608175; 2119873321; 1357610669; 1931506857; 215158099; 2001677722; 195967805; 998194488; 1081617138; 1652414836; 767878549; 771607389; 339499458; 951879678; 543292566; 133777675; 407241915; 758927540; 1976811779; 2063017925; 1740853919; 1121744956; 237647085; 1832018273; 1540758393; 399275157; 936143035; 1846814489; 1033222129; 1627830941; 1485110139; 33753058; 232407837; 1125639746; 971822949; 407505885; 25085423; 1025835799; 178001348; 204046961; 878790412; 434624923; 965675515; 387245138; 161348694; 761590860; 1773922876; 280221406; 163648163; 163005020; 1360204119; 103842729; 2104737132; 604582483; 295325598; 799609518; 954085898; 1755553946; 1286345948; 1890152392; 611901787; 81263385; 1717373614; 34927134; 1928386000; 1552836294; 7346389; 1290280493; 1946784836; 1575818457; 1083579388; 574963302; 1963645330; 906053137; 1634084628; 55569242; 1743324958; 522510841; 960300792; 224319463; 291445681; 912922846; 1500543965; 295837899; 1247913283; 356122696; 2117532516; 1874089415; 1080539588; 214082978; 1459066159; 1358896730; 1278976599; 1437665391; 726876653; 1847357729; 1630372696; 739250020; 673609208; 820991139; 1720241607; 349817103; 1823243394; 753800907; 1185294889; 756054960; 473373368; 411446966; 1401924386; 367900637; 1676751533; 1470494567; 1455908073; 117850293; 1618935994; 369447486; 231200784; 1500727738; 752730627; 1280361004; 1255300916; 1011994860; 1782430931; 1968815587; 513133206; 1790472587; 968761978; 80274344; 2007199566; 1179751532; 539095625; 61949573; 1994058738; 1643555943; 1737358889; 438937193; 545595352; 1795420883; 409634404; 1760609442; 2079852101; 494125130; 1804624846; 1215230026; 453650811; 1590098802; 716812494; 1259662339; 2028070103; 352233832; 1747770142; 944999376; 1653538377; 1346722830; 1513915554; 552880255; 379185299; 623583445; 1402263981; 2059598301; 1977615959; 361017720; 397591029; 71512946; 500509737; 1001565715; 605652741; 631385242; 145007303; 1524150213; 1745300268; 1784006190; 1188275427; 634606541; 419259951; 1991199072; 1610578495; 693381857; 927415645; 293263000; 406091537; 1244438201; 211737282; 461808655; 1100576659; 1185393372; 528549537; 14740391; 1403811501; 1336355954; 145135433; 563974918; 623722782; 521138706; 2094917896; 1393938544; 192841364; 485205711; 1038013057; 1572700089; 28034300; 1883287069; 211313828; 420347155; 2129279591; 717205239; 1338812626; 924693650; 1260307505; 1437824818; 2053670598; 1145927061; 432720140; 647252543; 1027821304; 149675425; 541789312; 292308044; 30759023; 1790640007; 1703804745; 1901400465; 285192899; 1468333628; 493375060; 1953862999; 662739355; 195799049; 446135294; 1831119591; 1121572454; 165003931; 1251422746; 1456129835; 1843151569; 1929544838; 1778847988; 932508452; 1863228084; 800362778; 594968054; 1010389019; 1267051048; 694837562; 461942088; 1440396609; 910150734; 994874263; 329040536; 1114441313; 1834992819; 1705488725; 1644673005; 1856559786; 1872240533; 84024868; 2146706347; 834342048; 1744032001; 639339868; 795753139; 1196468028; 1433687788; 1092181255; 621307424; 1586336602; 838648598; 662691091; 2071506938; 2103890492; 995694239; 247140533; 942373970; 1663781121; 1804406292; 1086059275; 1987096278; 1170940989; 637856105; 503010122; 514936255; 1240667402; 857138056; 1994580135; 378147675; 1614065866; 19312776; 1525084068; 554661338; 643994922; 1136899062; 1758241335; 264149600; 173721933; 328804808; 1180153640; 753937189; 286705307; 970434593; 1769730928; 173160922; 786785665; 1439391216; 298483677; 1252486569; 8736799; 202894909; 456598884; 629000372; 1581905010; 904046993; 476907861; 1631453552; 2146239502; 820908525; 1809166281; 1238158009; 918968278; 313829894; 1329197973; 1435867029; 1623747764; 516827596; 1268346922; 1528655596; 1700147768; 1600432184; 1639987205; 34332184; 203458500; 798519518; 1118607955; 73269376; 884059980; 730341999; 101003516; 1163787391; 1645428903; 596108833; 723469839; 1886401581; 644580450; 174577215; 1208955272; 1915373819; 313768944; 2044577842; 2087995153; 54517154; 1388910033; 1934435173; 79035265; 955367309; 1316299054; 1658599067; 642225310; 1160688220; 939422918; 901632021; 1985545975; 426572411; 1380860668; 564653660; 378271561; 141611266; 192628698; 283189013; 1198820004; 365959413; 265310190; 504429245; 668793817; 1823264307; 649635675; 62375853; 411077091; 2071799492; 956275154; 296439653; 559958839; 803014992; 598050081; 736343862; 1429461329; 1020015985; 2125888347; 1804178541; 1560379371; 212207020; 653418091; 786666459; 1974669343; 50490660; 888305436; 263518406; 891839114; 613250626; 1006679311; 1664073694; 37992645; 1848961348; 121492877; 526623539; 678829867; 806261702; 258614267; 1707220065; 521259143; 309344899; 661604961; 739464644; 1510835884; 1034499761; 848875992; 541983378; 605254150; 834201062; 1334871157; 269355885; 1983891310; 1674643632; 701664081; 347724222; 421579740; 1155214842; 1285488156; 458867526; 1851603412; 638055045; 1540091196; 337008789; 357335265; 15720767; 1495461514; 208294018; 7595420; 994686278; 1076149688; 1342693308; 2066994348; 205508222; 1287774133; 448455205; 1608926700; 1760911242; 725410297; 1407939436; 1786360690; 904846731; 1742218967; 406587669; 508529311; 422250737; 539837788; 711043506; 1819625792; 597270706; 687951984; 966872827; 114435642; 2073554967; 1682212071; 1755671205; 1915468099; 1975222479; 1038515070; 2018374699; 868540555; 725598427; 1165969764; 207200139; 842597019; 906980297; 983933500; 822748778; 1680664281; 2016307860; 45803709; 1683416536; 469298409; 349186803; 1544087968; 1036514906; 358837032; 1211729803; 551628333; 1348995710; 990968711; 1162820751; 1934377846; 1315994852; 1088312575; 453634276; 1819346828; 2124446178; 869458743; 1714436465; 1601501625; 1404372452; 2129153714; 711222223; 928795829; 1002041487; 1099879075; 1543140740; 1673338011; 1624551659; 1998068493; 80445082; 1298261208; 71143520; 251202297; 533309349; 908543836; 246140126; 1574737913; 884020748; 1046492208; 546770372; 1421986445; 297270045; 825279192; 110509774; 1546462059; 771654939; 1887501162; 1373499486; 1632397373; 487520949; 576960362; 1626376261; 2037399740; 1695695593; 434153674; 1213194770; 1465234187; 1898466073; 2050744984; 779255013; 392650034; 