function [x] = randValue()
x = [ 1030318260; 549600538; 518590536; 1573036024; 1124769343; 556889116; 1654462953; 342451352; 1476897832; 938344551; 1159597254; 9253129; 487360391; 281435896; 1805818513; 1139395593; 1534743196; 1676988822; 1102624716; 1232590334; 1051710878; 773884386; 390829088; 714014777; 1384780995; 1505859280; 1426099885; 747666489; 2018665398; 636162631; 1820579025; 893600056; 446830136; 20247983; 215968073; 1402711360; 79609579; 117962784; 273860738; 133276355; 1929296576; 1279147662; 1727184137; 1548634315; 32085600; 123713612; 693450829; 267486087; 1159499053; 1157869446; 1141989265; 557982063; 944076000; 1505671270; 1274652553; 1434251189; 531019544; 130632044; 280609145; 1050465161; 362313975; 13588166; 725135204; 985912841; 2096927283; 1339385798; 844380451; 661095148; 206890578; 1634817026; 696571388; 1779504905; 2102517234; 2007817096; 359746922; 158980223; 1995311324; 1759856164; 1380954546; 323710753; 1459887556; 1009807133; 899416007; 1612553674; 663091147; 2075646074; 925086991; 982912238; 276338207; 928413948; 894098740; 756396319; 327505072; 2041038227; 1815200651; 839273923; 1913145376; 1589082332; 706682077; 733856221; 1006315581; 1541782515; 1114548985; 1690344275; 509685103; 1083681338; 637946727; 556486906; 514817077; 1734457465; 2062930291; 1831386627; 1617743801; 2022440393; 1021833579; 144103124; 1881556956; 270062722; 624612108; 1046292543; 2033395943; 1555696140; 1025264473; 373337081; 131117520; 1989939291; 56782482; 1417922546; 573342446; 1540045333; 1621788907; 2034460508; 681545742; 181355879; 75693124; 41208810; 1522323406; 673632328; 684401130; 175624495; 1614441643; 1627530801; 822918434; 1851753410; 230534187; 1634679174; 64265677; 859328087; 2102471538; 1044317495; 1251056984; 1406276015; 796979350; 612412458; 1474147214; 1901446446; 213564011; 429327912; 215058396; 1059655226; 954949473; 1402217667; 1999496891; 271675666; 1075838219; 2018271218; 208872769; 625704646; 308584103; 1532854621; 488423052; 1397810920; 913727366; 1583116489; 1629999966; 1754044533; 343295963; 1124647644; 1831756699; 1239855511; 353383812; 47159301; 1090768704; 2009774531; 352741377; 541874863; 1860294777; 286616101; 1911633208; 1819743377; 877653647; 1006423531; 1509512559; 1328013801; 1466966339; 1273496572; 1336542609; 2145159476; 833085790; 273149421; 627720631; 1065526642; 423331311; 1530606200; 509998095; 133579511; 1985333504; 1153534923; 2133354507; 1597970923; 1699850996; 1873039816; 857242728; 2029121655; 1441332332; 417449301; 1261906511; 57313412; 226067334; 2107972042; 784095763; 1169171417; 474027587; 1517331607; 2013845663; 1497242821; 1090396300; 1316197984; 1847746907; 240696252; 1473176699; 1541084354; 1900364023; 576383504; 1758467841; 1643015536; 2089442193; 270412373; 1587643721; 170666781; 121470557; 772834927; 446670962; 151084931; 1437767563; 227443865; 1255532753; 966268006; 1470943384; 50362087; 285802428; 841493700; 278580599; 600854039; 736694960; 1596620712; 199855972; 1289412689; 1484829764; 2125044937; 338385593; 1582897389; 652268125; 1874182238; 2062060994; 91078297; 502291795; 1488213082; 259110999; 686312451; 314195219; 367336075; 67599280; 1599752902; 441470778; 2118019389; 1563780145; 437498978; 1466957728; 184990717; 300877436; 1281832751; 1817420679; 1196048557; 1328825086; 152629596; 1903403610; 1557384948; 878354815; 1188888528; 1637707084; 138557941; 1361168082; 736710120; 566433050; 1017238247; 459866857; 172931984; 1744859743; 35386220; 590865321; 417346636; 316034299; 1037238539; 1885108733; 1454416373; 1575809547; 1424399550; 877334834; 1996626964; 1180068144; 255783667; 626808266; 1125177240; 288942469; 1890633283; 1011500764; 186490075; 128432194; 1882983001; 816815451; 1786382924; 1267590721; 34894289; 304612576; 489501550; 258544264; 1910520289; 1724144605; 1956967640; 998952413; 2018956861; 931207882; 1539391826; 2124698256; 1901053827; 1639759159; 1622214832; 1165955911; 593972116; 1828188603; 155312553; 1927561198; 53834193; 1134766360; 1443904259; 1004443738; 1879650981; 873377379; 1427790092; 318440596; 584845899; 1915188329; 1601259811; 408484625; 1935302506; 1444316272; 1079453897; 102252712; 1246304140; 1175986881; 90814211; 1844135181; 525703806; 657855223; 2001152174; 31327364; 587033311; 96635687; 1207456093; 1245635591; 636105356; 1411028745; 537034037; 961504334; 1624688031; 1442481505; 1008540608; 1644394870; 1026118530; 1074212731; 1181928146; 1836645458; 1602728818; 697634436; 125782407; 1717137284; 1705176555; 1860784799; 34711985; 607295769; 1311481651; 1616385424; 563621776; 1600674055; 1417242029; 520680548; 1189615639; 1120946647; 1610080549; 1415273038; 916849439; 1699541542; 1618478118; 853324070; 732331083; 375877555; 983700929; 218757798; 1135458641; 1895177962; 527910485; 207986467; 562803107; 2091966468; 769357113; 1085862984; 1599828234; 58557642; 97948808; 386018902; 1648205615; 497740672; 128656517; 1850966586; 1162313781; 638997509; 1517272525; 1300937786; 2081026316; 1407979524; 1901171084; 520738749; 2014741462; 901940559; 1059632653; 189544107; 1761394790; 1073235554; 48749767; 556813196; 595570994; 1282095153; 1368298134; 1568429806; 1777352879; 1889419622; 296950631; 409702515; 1447632158; 1902837262; 192189821; 643212171; 1873210248; 1090948861; 672587241; 2023299518; 854113574; 1671411127; 210650394; 894993813; 1795432310; 1563648052; 1032314771; 2133869558; 893226281; 1629760270; 166138250; 320099196; 248035407; 1788069999; 25826375; 1721256950; 1453949600; 674166273; 81258228; 548815234; 460641026; 1312786453; 1958179512; 779585604; 503696801; 561189884; 837697536; 425831807; 907063584; 1922036370; 2105137625; 1065925197; 488789593; 130969229; 1371789506; 1739078021; 2013236045; 1175860069; 1482508564; 1596106446; 751463563; 2030170583; 1175258878; 84778629; 1583027326; 1028006313; 1272665009; 172717735; 235814234; 1584200984; 931723657; 37359124; 1321761453; 743306560; 1758478446; 2009311962; 194894429; 1862391639; 80065849; 1634754554; 1287312482; 1478331542; 1482729266; 799191139; 948071371; 963734022; 334795417; 725362182; 294004037; 470975902; 1212585823; 1937791555; 788500034; 1615909659; 1155417171; 404559479; 716994184; 527972488; 49963557; 1597094367; 533519213; 1275750409; 1279396623; 505416426; 715582186; 1816831570; 1527254248; 1160509325; 410071954; 2129953411; 332771381; 463542152; 373438626; 194029857; 580006029; 1172565737; 822185160; 1996089341; 760622543; 830798851; 559124074; 1177233434; 22586187; 1947495519; 1273418602; 986238037; 581340792; 2140759437; 2091621245; 419675167; 1841806155; 330169080; 470074872; 72177675; 792628505; 1910646484; 731659588; 2111051424; 1999585594; 1932082000; 1769057659; 704789011; 1508364510; 1370271932; 92092424; 636458874; 1748585108; 700366418; 1846501938; 938222843; 1243762341; 2038019154; 918051534; 1225314936; 1852058702; 1027364887; 692859646; 1616062227; 1593925074; 1328409663; 1819312467; 1748783365; 877823783; 2051461380; 1292436718; 1422759114; 298740551; 544053677; 1460408766; 1576509469; 88872900; 1848034576; 2036618965; 2015542357; 880732659; 1297172072; 1572198002; 1354675845; 1975285082; 67068601; 1587725251; 1878970750; 699673894; 1567415219; 1755410220; 1935209190; 430785171; 1016370469; 1554523613; 508850187; 2073050546; 1911755529; 491128653; 1030839623; 324699375; 1099626093; 1742445028; 443136814; 1636661115; 1761457112; 1491962357; 133331711; 1923407811; 1059434764; 430922339; 1922990056; 1081790968; 1291187937; 1734553437; 1190912049; 1832997039; 1001142525; 898021463; 1283774541; 1994859227; 115787213; 135592334; 1035844946; 527156243; 627736296; 1810062799; 1079876899; 858091218; 439575335; 2027653466; 925627218; 1329883361; 153153936; 277513678; 1337752366; 495876370; 1588024511; 1450024775; 1888861303; 15864812; 1577929533; 1946020724; 842252607; 1140537139; 232730678; 1967365833; 1256174568; 1469662071; 1135659745; 215867696; 1551692741; 474717058; 558638892; 917931251; 2103638422; 218262691; 1664291397; 1050494861; 1771037314; 1613253824; 622126671; 