function [x] = randValue()
x = [ 1574743924; 1359290671; 993825332; 175870489; 595551410; 411651576; 2043010179; 851847051; 1782863508; 2041627214; 1121610198; 541865068; 635913813; 1842932814; 1973127460; 484980269; 487989763; 2075684263; 387227492; 1735060409; 1598312193; 1303033501; 1088096769; 135508732; 1962050831; 277557528; 1236342210; 682212543; 421788604; 785782989; 1338647859; 2049035001; 961305675; 1617466267; 307372845; 1740272161; 2031791264; 365287066; 715587260; 697707305; 376794286; 1727121091; 498164379; 201301044; 790106797; 59834194; 1599813153; 1716500675; 1143069418; 1216248270; 1785029861; 204833201; 52453928; 749372324; 558954475; 1856125059; 71523491; 1036161397; 130866245; 35302236; 132779069; 125237264; 477350220; 1236231562; 1471231284; 1991527549; 1071329882; 660998042; 1466535506; 1092951906; 1673659932; 1766586152; 1592858428; 1550776750; 603801265; 46206346; 1617226036; 1150468399; 254817035; 2053548935; 785237006; 138959037; 1424513438; 2049034775; 1960676889; 1447498056; 1127442325; 879729671; 843692484; 941165639; 1703404752; 1713265691; 1668875024; 695305641; 858467625; 1689249481; 1658155155; 1674979301; 49305834; 1751390089; 2146249828; 1301965113; 168575641; 4724664; 441487264; 1567482373; 1789093156; 494621229; 76811275; 1239204474; 250854575; 561099269; 49488235; 1931920898; 433427356; 149471110; 826991653; 1628063223; 946077322; 500222457; 861284260; 2007658418; 1676387058; 308886465; 1478556956; 1867842832; 91356696; 598263172; 1625357795; 1710087771; 1947671380; 2108684500; 410639351; 616192612; 1116748511; 1519261919; 1244775084; 1714735561; 29109000; 877931342; 493123821; 461520403; 1682224851; 906046284; 333020604; 733878524; 350608428; 1182111565; 388235834; 86551686; 791094014; 971472552; 1258812011; 1054910115; 1730687782; 594131130; 1815997146; 214377330; 773540654; 1931656042; 259390656; 1065608275; 1030798092; 70825136; 1488154786; 1757768029; 802201072; 721183043; 1825505141; 1767025214; 735343356; 669830334; 907634908; 1607326908; 1996060563; 1619759984; 2109294854; 1384814035; 682423579; 1513336668; 1135017553; 1907189893; 1998756076; 1842071169; 1241083275; 1006814852; 393547212; 711572417; 2140282753; 1547498696; 908848166; 156892184; 225731324; 1819577511; 617992008; 689381887; 1938138974; 543472291; 2039901125; 480622572; 928429341; 958053156; 387939234; 399029007; 1676201680; 583814058; 310290878; 270397461; 1418946089; 1017364846; 734291188; 956118821; 791687391; 391077275; 1416042033; 1798039895; 1968310538; 1155170293; 301867306; 1878473608; 277192502; 464159724; 1023393595; 1488008982; 2091930025; 743763464; 51782839; 1901951932; 60567666; 1144451478; 517592297; 1319499019; 155107233; 2085168359; 1413547299; 449598649; 1900041573; 2039227936; 1229112885; 1361823725; 1804150635; 1260664937; 1860061758; 1749816195; 717184571; 225249749; 1293176235; 404504748; 1616491985; 1036350078; 1617220203; 1894083419; 975023159; 869692847; 1941126668; 793830630; 883333414; 2111245178; 961832007; 1199698526; 765319269; 386561098; 1664438549; 998989249; 277791656; 159798746; 873928106; 428158533; 1419008904; 1293988354; 1259185228; 1514677575; 429931017; 1964738825; 1536669114; 839810465; 990494487; 376214275; 1608970586; 1016101106; 1474894073; 709354314; 186410393; 1593312455; 1900024589; 1589591790; 361818486; 1528585987; 1861938223; 1802682308; 188023004; 1696970814; 1991135211; 1113760350; 1527934165; 741223141; 517806418; 574519916; 61531361; 1420601711; 388788263; 37023597; 1759748385; 1028727696; 547225795; 179277880; 1906445217; 759225570; 159148003; 159221513; 868232058; 2025307604; 2001866267; 838227672; 1487490206; 151661632; 2073408949; 440364458; 553782388; 1877361390; 105595371; 777579498; 2052582419; 1656359167; 2038043346; 564494032; 729796127; 881834695; 377079300; 33724507; 1261465202; 1830248270; 874564829; 2059172684; 181657089; 576161753; 2053496169; 215144818; 228256737; 1647205313; 1062375237; 142200629; 1375080099; 372593020; 1444673694; 290164149; 1770708290; 155349193; 1847580115; 1289651485; 239228411; 1955438634; 1873012473; 829843618; 1431605756; 1229237233; 802156013; 1997491414; 73396210; 2015030780; 520291641; 342412526; 1119628162; 1828861304; 998002592; 403686637; 1171330499; 1212933215; 1359341933; 699761090; 1789534556; 335132606; 446903166; 1768117914; 1593605349; 888082137; 1974428673; 2059428911; 1582755368; 1923442327; 894672350; 1534848207; 450218458; 1114468686; 111132032; 1661745867; 573545434; 1967485306; 1921754122; 1984536498; 761271546; 291450653; 2019483724; 1612787242; 488010545; 1567544873; 691434354; 1820399257; 158632228; 1044039438; 1163763052; 47586743; 901584935; 1540344894; 1762238174; 465298272; 112592363; 585848546; 768373551; 1497044238; 323934924; 1914199222; 1011837258; 658600624; 2055243925; 1229447168; 335555641; 136481502; 1644296673; 1820207994; 492122584; 558062985; 803664165; 2015339923; 1255494984; 1387581189; 382992920; 1560347499; 1668859914; 876081448; 122323498; 1587639052; 1745479617; 1448616535; 1324833477; 1155881077; 1330400050; 313828124; 1937521682; 1568139489; 1315413704; 833314629; 980774531; 1906683317; 1014844350; 67821607; 1480584777; 815191043; 642268288; 1776017259; 1632154614; 2065604786; 1870147801; 1688679736; 971672137; 525341529; 986090679; 354707105; 1704667333; 2022589753; 929261702; 1977629337; 2131226236; 220505401; 1744974351; 2047168790; 2075104874; 2065793099; 1629856814; 1576200745; 682557582; 1217602996; 88621683; 241766064; 988624501; 1200892741; 313939772; 808460847; 193235075; 1978355001; 1671849828; 963517068; 1578434921; 2140535594; 1322703184; 839780139; 1197264829; 1129897413; 1312333422; 1851529852; 826089787; 810644133; 1866723609; 1417330600; 80253126; 229827513; 2047989199; 1260365520; 1360045618; 1628866624; 135407837; 459777530; 2069513858; 407977497; 1300527399; 1806329792; 975616670; 1436755173; 716841297; 794788969; 1068262178; 784664746; 1815646639; 1816574553; 1125394355; 1057698198; 2109481774; 113951025; 1906206969; 2143011145; 1513645404; 1966205869; 772475760; 527668738; 1089631156; 610044001; 540363026; 47962235; 1545175011; 1256803770; 87434597; 78269527; 331836433; 1299645042; 625069345; 917949421; 1186318462; 153613884; 287710670; 930908547; 630064962; 586514227; 92089396; 2064380041; 863352570; 379575392; 203857978; 1866329022; 537953791; 1592601943; 1982282547; 1106423873; 902357594; 1885619987; 1032720585; 643542020; 1455942589; 1042972600; 1295119401; 937834169; 381944606; 344461912; 442239155; 1821372917; 179794893; 1634583096; 274878669; 524441207; 1233263362; 1371750124; 770155680; 976135205; 1394061627; 1392482494; 1612558036; 2081740604; 1732821944; 1871414300; 519963912; 1431396831; 406116315; 81343414; 391390720; 237132977; 1474080244; 1070479504; 680144538; 1123466732; 425832627; 1398730273; 1886544368; 1374530436; 1075452373; 766106487; 2105065073; 460608716; 1824782264; 1392626194; 2058859315; 941506987; 1725204856; 918934616; 2125112191; 1363080078; 1795576958; 332912933; 1489904904; 1255865696; 187178564; 775595114; 2012824716; 1807922969; 1334233937; 2123370322; 1812559595; 1224338703; 1301608765; 113688894; 317925285; 1827264168; 606431203; 816203555; 1008067270; 1511151945; 18912877; 1745855778; 928601560; 1753132737; 369426055; 1515937588; 1943509608; 531933300; 920744752; 1762545272; 44716962; 413637859; 618542223; 218517888; 2120147105; 1859642066; 1563778798; 1426418684; 20356184; 1955352272; 1783794774; 176748008; 77173789; 1490639883; 499228054; 207671458; 943398035; 1449087744; 1916335380; 1663093231; 1244195811; 1233346131; 7111400; 518291091; 890711364; 1871117006; 1262901867; 1927583899; 2008024843; 874422773; 1959880021; 1195418990; 2039222023; 768670038; 1656349537; 517355006; 1864682260; 1034085041; 1798354702; 1132090581; 1066588897; 792173839; 850721846; 783725258; 2099207666; 1863844686; 912112517; 1661034727; 1277315961; 1558252726; 1432480308; 508982518; 1554797236; 1458431576; 324579187; 260442927; 1920903024; 1579389678; 899646593; 