function [x] = randValue()
x = [ 427856455; 1296350755; 1290228886; 1041167164; 2068631687; 779348182; 548710258; 1971388540; 1813321988; 313891025; 1915811670; 252070668; 1957704981; 1190233046; 71170928; 2066206693; 168029394; 577160963; 2040219005; 213207706; 2089821960; 1203710222; 873887348; 1944137703; 391469247; 2025648608; 511192946; 407335056; 816489724; 720179658; 1736633200; 1265285872; 1024118889; 2050180829; 322215783; 715437827; 258969313; 351367225; 1448649527; 220692441; 2012263063; 172392897; 878281767; 1097279734; 902357290; 342265815; 1346067347; 744348861; 1589404265; 2013576867; 1055594319; 476179908; 1244992059; 391732357; 1659250425; 380704307; 2063133559; 1199437701; 378712032; 1120405760; 1382477646; 925860720; 870912463; 489949146; 516916446; 759555607; 626268150; 1172074567; 1290531268; 483721621; 661189582; 2043566616; 2012815122; 2033790666; 1203206681; 1789170469; 406313342; 1940614271; 1856851440; 1238323063; 1015658497; 977813292; 1666420835; 1687487462; 2067883191; 391418517; 253265657; 693861116; 807172310; 671950406; 1952959882; 1194892040; 534200725; 150550787; 786449028; 1345357677; 593469543; 1034543729; 461553013; 1029714353; 1562169674; 932101671; 1354035241; 1907271259; 1781003550; 1887251670; 732748014; 1222044234; 959645833; 212746242; 479726112; 255673447; 1056696558; 2091364239; 432176542; 1201664291; 919708843; 654350103; 442420355; 1147354906; 20824475; 142987298; 2146937187; 2072095191; 4133056; 1269235395; 1805809661; 588582719; 879818603; 166579403; 1848933805; 143810748; 826847599; 1918084319; 652113048; 553134492; 1410896898; 1582421958; 1312386410; 544658075; 1092149852; 2051707733; 231662330; 1144340099; 1170844428; 2136809625; 2118929853; 1967533963; 1768602494; 955610859; 1027497008; 1221984125; 1754598890; 623138826; 2138787709; 707569817; 1608824972; 1915137888; 900647409; 333556007; 151853952; 768684092; 1712270652; 2095585953; 1886492800; 1426904506; 836657898; 891338229; 133629170; 2020583208; 1614387020; 1416954750; 323043021; 1929543239; 590213231; 632235367; 135860177; 3575402; 1022303504; 997171575; 680594368; 873032896; 1935119558; 1924612598; 1331709465; 28164119; 999522438; 854124437; 674432307; 1114618255; 663507651; 2007205578; 259433471; 1094108425; 83068629; 842257465; 1990476940; 1338738711; 1504287105; 1223795939; 1768303452; 1339776491; 1662973519; 89698859; 937194148; 1652156055; 1230901355; 874876511; 595350616; 140731625; 1410828347; 748936955; 1983424022; 1859272953; 792515026; 235818241; 496704132; 1534319293; 1256006214; 1489493085; 775601175; 979138717; 1329540062; 921567259; 11560331; 1495180953; 1122742652; 390182117; 896155596; 1392456715; 491118973; 1959543950; 1429783610; 326671641; 2137685545; 1601574739; 963913674; 1059148296; 350404272; 206688362; 1919836275; 2122630970; 1956562418; 1913650753; 1972509996; 374316149; 604579146; 493890180; 1558166099; 1399561988; 387110685; 1738687723; 789029748; 967958536; 1175388434; 747904231; 1699879076; 2018380907; 1066847686; 434580598; 12735511; 1869311675; 1868452817; 1969213453; 1184412761; 1395743110; 1894740357; 1527680967; 593589366; 4049784; 1240548275; 930440003; 635073715; 1762007605; 918128570; 1368938229; 1316452509; 1092341360; 78006310; 530535834; 418093391; 210444224; 1000553602; 618112463; 1425836296; 635632149; 721337077; 451684694; 1930817332; 1913259534; 778635797; 677856268; 1875041610; 2073754028; 1428600161; 1774803631; 737682863; 1111995535; 1940308997; 736876573; 575385949; 289102583; 2018556545; 114952545; 754616189; 1367560669; 1896817059; 53985450; 142395111; 1094747474; 175194625; 1620742999; 1879295146; 1466213824; 1801670785; 710517584; 86624200; 1692252514; 1494532156; 44488052; 709531932; 1980414485; 1238875607; 348989958; 1942583997; 1028490527; 1176324648; 416798273; 367522721; 69711815; 429548349; 2026365780; 2072219357; 2012713178; 759328146; 351421701; 1721225490; 516063699; 1961916679; 1672334399; 308792916; 2005727881; 1722632120; 1630828175; 1832142548; 1085566219; 2026143288; 1437906320; 1464978570; 351182211; 2085834271; 1560502196; 2048210882; 294430735; 2135493572; 94271710; 618373034; 1981654373; 217751372; 2079161422; 28239448; 2077127605; 1345316531; 764595327; 600697135; 477209557; 1999768243; 1833146424; 1719207585; 2139500753; 1214659148; 1698527303; 1989303531; 2081100126; 1945391366; 1594691226; 1311119937; 1968604435; 1773523283; 1602729914; 521083315; 1351133842; 1375758260; 1374308986; 1915666592; 1713728890; 1264487195; 570865944; 2107343520; 1935440692; 199150659; 2092442221; 2034056459; 1654391171; 416949981; 1449681768; 837933969; 957194767; 279784923; 587468761; 1233765459; 624815896; 747492763; 1375592557; 1752872798; 1609623752; 244639010; 1703362845; 1040657214; 1792693227; 773312656; 2057032224; 1347373543; 360657862; 1788664908; 2033720478; 680021714; 734105021; 1676834787; 173907487; 1559555055; 1642106619; 1200335598; 1639577986; 433588046; 405137338; 385432349; 1808192564; 1025348215; 1935160630; 31572747; 1158977947; 587638361; 307933166; 1417462437; 100558811; 1669703415; 506224712; 1821154910; 252923598; 1455417529; 413744253; 493518648; 76431206; 1293324723; 268368140; 766108881; 222407924; 2030166945; 1206959385; 1390340645; 1890156084; 526738198; 658857790; 2134607543; 1415329799; 1251462495; 694116852; 309354179; 1398270477; 1794464950; 1979218330; 1638055729; 616670482; 2092536058; 617375250; 648121180; 977264285; 2125833861; 6688696; 529458373; 1021838137; 1634853909; 1249241024; 1310524829; 1555917988; 1312768066; 307500955; 689756200; 727414990; 622794263; 1499868837; 174494764; 1199539533; 2105752368; 1658397159; 1482932914; 973418317; 60163959; 2049772435; 1815690500; 324955334; 81820597; 490563647; 414363646; 1265864629; 873572260; 1240359725; 945429941; 1279533582; 1692053068; 1327051303; 491216824; 168038282; 1459290099; 829010161; 648446107; 1626010769; 480820994; 1800031624; 1612740233; 1441629577; 426062216; 189949245; 1104578500; 6497022; 421985894; 2033596574; 1198716596; 1214991305; 2120541204; 1228500345; 1073488897; 1368988032; 1608987290; 1618236401; 601072330; 1110989796; 765620980; 1843919439; 1765205089; 548780087; 209592051; 337511340; 1002937997; 487657551; 150515203; 1447408834; 911177747; 1506014627; 873042011; 364187744; 1451445220; 1650281739; 1036927776; 1492912000; 246973045; 897987424; 1046132825; 776329247; 1616511867; 1277067349; 2940234; 1923083961; 192192189; 825013842; 909481079; 452327779; 1255924337; 1959801583; 1750447563; 1028056416; 421668495; 1382606391; 1452166001; 130290236; 30373932; 998358591; 596032464; 1802306455; 1901296748; 1279345468; 743951702; 1684862652; 2146609463; 1406612816; 914134645; 515716799; 883769540; 1569415925; 1492295567; 1378443917; 460299715; 117546103; 629906705; 1656989781; 841610784; 2112274671; 1159106936; 815243833; 483331119; 10891805; 1767600470; 878243224; 1784884906; 1370997165; 646783482; 1901724032; 2086642095; 520407552; 1605709457; 982349497; 1505913615; 798028231; 1786487375; 1456469205; 65123570; 1522602732; 1503273232; 1783294199; 197548145; 1252806030; 2071109095; 1715991758; 1560137832; 1529679272; 806334607; 392666090; 297998579; 1307195465; 368755477; 1106107176; 985332606; 652149424; 1235458079; 1015699190; 1446295573; 1794817302; 1388671983; 1421885871; 2093349885; 220586736; 1181789682; 106735756; 1816713700; 1912258025; 482298529; 714206239; 1891373652; 1197422224; 1594842368; 1894499780; 586619314; 962910257; 262420481; 1618847452; 797504901; 628394906; 1290570348; 1507708272; 419261150; 1570242877; 1289647928; 1032731911; 349703416; 1600568558; 1567420443; 1020169908; 275129322; 1570713405; 1992973516; 929315164; 873666666; 263612646; 1264123367; 899583942; 1439115731; 32558749; 1798310741; 141233626; 46374855; 888505750; 1853690468; 1728317019; 1777596275; 361055747; 1694520238; 1395261212; 580888208; 965291899; 608326684; 165855208; 1896741479; 1682204208; 706902643; 339593445; 925644847; 833066529; 2117379000; 114859197; 1279194295; 1075664279; 