function [x] = randValue()
x = [ 527356406; 352643212; 1604229286; 1402754193; 1949285034; 1845280984; 1878886759; 940628828; 847909722; 863789222; 1549787198; 670471339; 927949868; 1273402328; 498627983; 780505051; 1745870823; 1279143983; 576752772; 904398653; 362823492; 74776084; 2063612389; 725127995; 1399184344; 599275185; 1819926358; 1500215648; 1517718429; 1158931147; 522545124; 779564263; 1814849570; 767228893; 1378513839; 1123542899; 1012430109; 1172258092; 282304607; 690616424; 1652226557; 1400168929; 1833883975; 1424810838; 486427634; 1709389942; 1077259821; 1125079133; 1308715622; 480911152; 1337053214; 711954310; 1399282217; 1767250606; 1151721; 9037862; 771097499; 1598964285; 1762712762; 830532202; 128049586; 1545371593; 436063851; 1758984708; 7350907; 1871212122; 1644972946; 884662271; 960422282; 1447697373; 208003920; 1452660270; 83054901; 138888621; 632721374; 597519058; 1081838711; 967822252; 1614990520; 1989086765; 2009884851; 952078589; 1962751956; 776140763; 238149500; 1307976612; 193708815; 996839038; 128730560; 1875126971; 1874621965; 414073777; 566133243; 615837230; 1705725833; 391298875; 447375023; 1685684113; 1167883656; 1191641653; 1195052342; 507454160; 1875593124; 862604125; 646198824; 1233001309; 593798038; 1841353879; 1066402964; 2041237650; 478600150; 1410467028; 894193493; 1889482323; 1386375329; 1810652257; 565717976; 1401437858; 1415278148; 1636291198; 1149396868; 1901529800; 463548055; 441425135; 381060161; 884352799; 1052665880; 1600431043; 1648777486; 449177791; 987857262; 2100582253; 616041791; 1495099551; 497466852; 411241564; 1769364239; 1293517140; 562785279; 1767612504; 16871710; 1502600120; 1527989535; 1439459719; 1767422265; 541769880; 765813059; 80779279; 1373506026; 1453269686; 1073374885; 1201293496; 1143168731; 738509163; 1022347166; 325317356; 854074980; 1601456711; 710089681; 762328709; 1045839834; 587854718; 1238053314; 466212867; 2125540043; 676522672; 513899928; 635052876; 694164030; 2072670333; 2047592034; 660508782; 1810502872; 716515828; 546930359; 1335896562; 1228288648; 2096806411; 1568032185; 1939311567; 57740831; 1550092263; 265794527; 1510783904; 2115407100; 903327502; 1981907358; 462971240; 615912389; 613465634; 152653422; 2011234912; 841465235; 1384543104; 88144547; 1663152120; 2050903609; 1945974351; 1129883687; 1347400466; 1266726962; 1873300158; 1744415358; 89461047; 1594523487; 1470212670; 2050617329; 601589244; 1285886573; 313393405; 1253560768; 1395703971; 747106642; 278817224; 1838854536; 630137867; 1524492273; 1802990959; 2127750281; 1126832125; 1201376183; 1738244953; 1880495041; 1230734709; 656149063; 1492984643; 852127691; 1598725788; 21178700; 6726846; 217957042; 948602201; 1546409122; 610675820; 1972569671; 1180900226; 370733848; 303626887; 949718248; 1468583055; 1976165355; 1541957125; 1236005455; 1650844880; 1081502329; 315596049; 1012974723; 866069692; 103977760; 1730427549; 894734084; 121670150; 2124932846; 1879128854; 1923970775; 1790120806; 1121940444; 1182720966; 1046071697; 1584918833; 1276420185; 252553807; 732530418; 1851450266; 156502668; 1456308424; 1973444773; 2056524275; 382855710; 930797449; 213625121; 979944281; 1072356772; 441838906; 682493468; 648848385; 2131298132; 1501640757; 1591027545; 97501413; 1447782113; 855764709; 231312551; 18962823; 1107622888; 293822557; 1262762004; 1411326626; 14396774; 172056386; 1031784678; 1511102610; 900199029; 446937212; 455117592; 717830948; 1509277505; 1736661359; 1039581999; 775690598; 189610545; 1277858; 1218806057; 1433483674; 196995243; 868758116; 417482002; 2074696299; 310150171; 1535266550; 1271025050; 291055025; 601417475; 1750668752; 862630715; 1465875731; 1055646304; 506999900; 1904804436; 1005159592; 1031826795; 1079086813; 51413583; 959830491; 1537155238; 1446064885; 8994988; 1371147294; 838803574; 735971536; 244476652; 233663579; 450582434; 2126153898; 402717487; 828982753; 1203942993; 1405317173; 1157746386; 664019704; 1264853546; 2007728379; 1417436731; 322641606; 237119587; 1110610453; 1447462643; 1525096621; 86742459; 1674567111; 791975683; 663685452; 968743738; 1354277732; 1644204010; 1312692747; 1598428174; 273414078; 1699924582; 852534159; 1106202959; 592478119; 646037520; 1044588886; 1584281412; 1188931782; 1982340775; 1174187737; 1524917491; 1854974591; 2011881524; 930201703; 225607092; 1014225770; 1782858993; 1811586510; 644752753; 1584657550; 630531507; 2089271732; 958723699; 1989950250; 634417474; 1393298687; 1422674738; 1869140218; 1006774887; 1268270253; 1347683097; 1947073090; 1162619153; 133832804; 1900201583; 1789980014; 2107118777; 428022857; 2035371862; 1070920255; 2033369827; 6291212; 2136880072; 2139781992; 576499648; 1892802936; 601383532; 962891129; 2038618772; 1757707516; 1571094983; 2103561780; 1551350084; 1784546759; 484420234; 1838737475; 2043895806; 281965078; 1377618453; 2030534101; 1445570823; 654724477; 1577358763; 1513714025; 531316582; 382354296; 578081029; 195044308; 1872734894; 1473774329; 716453749; 1025376858; 992474295; 1331610536; 1134478767; 2031748002; 1560703280; 293879822; 934092595; 1832448006; 461087862; 1988019344; 1322564782; 70092044; 213577882; 658427050; 2124111091; 1936782930; 2032375573; 1938195724; 2030958418; 1969902578; 731965595; 2098547983; 1591494737; 1974999213; 1417882861; 546540181; 1596086493; 1796685110; 1535279134; 1504037987; 1481336711; 1675338539; 1011127056; 23950921; 1319465726; 1503231393; 835780588; 1618352981; 110352587; 741892142; 1758898890; 840039266; 553964211; 1542728742; 2029256718; 1359281452; 922803203; 826267509; 349026160; 567299020; 868265560; 895268296; 338762113; 22919283; 321621611; 526582834; 300515286; 1944327805; 177816937; 518063634; 1319199580; 1580815139; 504010156; 917987439; 184984215; 1610171; 1293232716; 890368974; 84586630; 1034521836; 999381888; 51866849; 555804153; 536085090; 981749299; 2069094027; 1427089564; 224627983; 1557567199; 411761915; 1736461855; 577683445; 170393310; 235083266; 304772257; 1658729437; 975450973; 1572898778; 1841937886; 2026953715; 685774289; 1451534716; 1246809502; 1674908376; 1522283305; 1375899484; 1349310544; 317346240; 335044677; 1082759619; 1692191038; 1777875206; 1875241943; 594401145; 623035142; 196999971; 1604175591; 2105351481; 707446308; 933053419; 802945511; 1924245691; 1142639228; 1049785376; 1848636469; 552710707; 2029082480; 1182957642; 622099130; 2116399455; 52872229; 2016976828; 402728964; 1223106712; 120784058; 1088182414; 2096728151; 1924417918; 278518577; 1386257883; 233934451; 140003449; 1395794298; 705878418; 1551799870; 1334765393; 1806450410; 659994974; 375181428; 509980695; 1615586467; 1816377625; 2016356905; 1557164392; 1768090439; 1181033512; 1167502230; 1825321099; 1530414823; 346555430; 1746632565; 761845089; 55148052; 619199909; 1227173569; 1017701645; 1340539878; 949906977; 2143743889; 1403116167; 30063817; 1414307599; 1867759888; 2008522118; 1274439751; 854533219; 735149496; 72454235; 573970674; 2012954489; 1221613560; 1216514537; 374692982; 1927220369; 861970379; 2010511851; 2040898242; 315863148; 1976777070; 251895952; 1303271814; 1362194162; 459952654; 1997713286; 622621492; 340376206; 382228137; 1174759036; 574860149; 1627603108; 299347748; 1024401706; 1297098967; 1387626665; 1969140689; 881081676; 1465225688; 2023066707; 414755213; 1209396402; 343383069; 1982776845; 519401627; 355348299; 1984394645; 1210047192; 1679302522; 356932531; 920941009; 240124953; 1847975340; 738746066; 145328206; 276494314; 1407538622; 1790678409; 917744657; 1527226732; 1159043658; 968475381; 1008121748; 555418053; 1312617018; 1400136428; 1610206188; 991419400; 479854003; 249935926; 1700981758; 50355561; 861852149; 253069621; 1070628731; 2086391405; 1765150487; 899752096; 430576083; 771550178; 888050392; 166380563; 1171077656; 1560569455; 1135413009; 1610963872; 1360291526; 1447081901; 230251690; 1610759504; 1321233941; 1758341967; 154387762; 423117424; 236912138; 1666335798; 956522696; 1125585662; 555970822; 18567005; 1108003791; 1632801511; 2119129520; 1467855875; 