function [x] = randValue()
x = [ 1258509650; 1090863433; 62256517; 267047080; 1183911680; 434473531; 1181770215; 680181512; 694505742; 595922683; 183004973; 1753514140; 449121654; 250720554; 783572296; 944480477; 14369540; 1307228688; 618142201; 301387947; 395577147; 1039231426; 1095163470; 881899210; 716017316; 1535605723; 1325080695; 1770289669; 2033411356; 2128632137; 90494355; 454703299; 1259222680; 149263675; 1201611516; 323792589; 1638268961; 783462473; 994774285; 592566362; 653151219; 1096958274; 1151392835; 500871160; 1132888738; 924740476; 746972807; 1244061297; 1505403270; 739450784; 1563267901; 334114495; 171363435; 843463359; 1045123899; 1334089707; 2127474959; 1501966451; 1991590758; 481501474; 2014660210; 177214706; 25446352; 685876533; 337300405; 1308453832; 545978055; 1616220102; 1071807107; 944831612; 1956060599; 1658653528; 1595609846; 1731512295; 1918129794; 1490246191; 296772299; 432033020; 362608808; 1538082797; 544101112; 1870537281; 806418557; 160824608; 924368190; 1962547001; 379086009; 657007657; 698198769; 492631962; 1438935703; 760483237; 1014971962; 1513919857; 1720317777; 866424281; 190249995; 58665144; 891448698; 2049989133; 354338259; 937664153; 600296182; 1800972288; 918248181; 185283001; 1666857707; 409893089; 1908193996; 925971481; 126694315; 1368336234; 59718674; 1026702053; 1014699329; 1807809674; 724198918; 1029100090; 771229546; 749513334; 252888564; 2040021641; 1191229259; 152013130; 1680382205; 1869811752; 102714345; 2016443879; 250388872; 933843005; 215518679; 1376364978; 1285362073; 1370839387; 1292044472; 737479523; 983548722; 15411875; 829943216; 1354331307; 1375858019; 72949443; 218980964; 1658810647; 1226572724; 1387948404; 1042201261; 62514898; 1193088498; 114150145; 400621867; 865942671; 446231448; 1828386428; 2008559163; 272840628; 214884370; 799803794; 642194304; 222727615; 527507348; 952770762; 1818991982; 718696993; 225648384; 2079231410; 1528777292; 22303183; 1885405179; 2068205113; 1664108685; 2134650289; 253078721; 2038921823; 453219005; 407947294; 327092554; 863574050; 2094030755; 41121323; 984211550; 1618926010; 1334497050; 1901534872; 846776165; 1127168202; 751796606; 1730196584; 142252710; 894252733; 1866061268; 1251517774; 1408932094; 239149032; 1620511800; 1232325350; 1844804010; 1904371957; 1789881308; 500032495; 476283992; 353520982; 351641642; 1092849441; 494297876; 1925117631; 1823421688; 2083700365; 1822669379; 298824130; 1948137436; 1177442158; 1566567714; 1220091699; 562786958; 239718862; 2078388241; 227102198; 159199587; 1125546974; 1829256654; 1509466557; 1058240308; 2053063033; 1721648366; 1834752525; 1533384504; 1765369718; 421511031; 1946727960; 948191981; 1043947254; 415967934; 1351739055; 756932725; 2045980091; 6720026; 39410714; 1640546787; 59822134; 1857996409; 2019060514; 1952989706; 975865693; 265656286; 25900947; 507946265; 421870117; 824504248; 659164106; 878609488; 44867455; 1388366738; 695111974; 755679810; 1397351550; 1926980303; 1655510385; 2052268566; 1809332722; 817198939; 66703840; 1842042331; 2092062658; 1557290166; 1587294824; 1211645956; 809988436; 1571123627; 1269359614; 1194223649; 999594140; 506246051; 2016395099; 545770741; 1788451561; 1205329482; 406343696; 708178818; 1187012334; 1064686336; 294542955; 1365628321; 616481967; 1166909695; 285717119; 1000947887; 1800108378; 724979004; 1496758245; 489539520; 438223088; 513210150; 864174624; 833763931; 1569093892; 934820243; 1257226411; 354683504; 1022478688; 493942090; 1341953351; 410337376; 688702420; 596266944; 1108025131; 752219031; 1976267389; 1106484611; 103260065; 1590771656; 1682654850; 893560655; 1809408112; 1088535430; 1522331345; 2081616687; 613222329; 1329302262; 1719939637; 1460087796; 2039259049; 1734713862; 167542847; 1334171731; 350449637; 1983257331; 1564441700; 104414232; 1390349120; 1107820981; 1064856691; 100376751; 1294803735; 1316391067; 179976811; 283804294; 278549321; 639668286; 1917769790; 175382103; 1587790523; 1822370332; 1008561381; 1039790068; 652641780; 1838973916; 2019333200; 1471970142; 905123748; 1936807712; 407527870; 1430242498; 197472065; 389728312; 1558062251; 2035579865; 35062966; 1669784447; 1366982315; 1296424747; 878950942; 1695143565; 29565646; 558023513; 1637338828; 883975765; 1371867219; 952958418; 728830395; 1222452902; 813664596; 666005656; 1769961986; 213180640; 1748129130; 2077186648; 1211194034; 768837652; 1776516768; 8901106; 1111351654; 1357172349; 521392028; 749464430; 400182347; 1341719751; 138138314; 373038327; 405433026; 321229993; 1493053156; 678084994; 744897286; 1969567700; 192846814; 2079322908; 506252530; 85045211; 645562045; 1496927506; 175523374; 313083160; 1824205360; 659625317; 1467304959; 1303173031; 673560414; 64221482; 761287447; 1418057737; 552990026; 521664654; 1519588082; 1761651300; 918620108; 1576013992; 1893110103; 103858653; 955457721; 651490048; 1032319003; 2040872552; 1648449667; 1579010130; 600255512; 1933703390; 478138053; 1806794154; 66497855; 797457536; 842404107; 2032255926; 1117162825; 971496586; 372680143; 666859641; 1775733209; 635168047; 1262536105; 343215757; 931147864; 173652962; 244429804; 1197314841; 893387387; 1149016051; 260842761; 927559677; 669807290; 782019842; 549862121; 334225965; 1730350314; 1807098244; 2052278414; 803455225; 863508837; 1181273819; 472966625; 188041511; 524305794; 946420698; 706112686; 1374800543; 1698128645; 420155323; 1026390023; 790673534; 1944467209; 843860068; 434770296; 1379241288; 515733386; 1595444464; 1201613635; 366956502; 2000218861; 912745160; 1788646965; 1439915196; 357881446; 572756404; 471446498; 825310056; 222121124; 417495051; 550997442; 537002417; 816909708; 632694068; 1121006928; 2041684916; 121544608; 2123043839; 954223631; 2062224521; 1554547716; 1557789010; 165962435; 946945618; 148919311; 1741034585; 1686734815; 1781840114; 1745451961; 1048601994; 1480756530; 1366163048; 190245730; 729179843; 268525242; 1272262121; 898801345; 1529211658; 483032840; 1769736986; 1564039747; 606364885; 1216779191; 1781500219; 1527805255; 48924902; 1477557369; 732398077; 2112121477; 2141734600; 1764787318; 1203044732; 277938658; 1723984123; 1287196242; 1468441438; 1990593579; 955024202; 2024934018; 1842773281; 249068280; 216737771; 282469315; 315610600; 22694295; 856803523; 1687376373; 257706284; 175679607; 1107733582; 632657508; 85817085; 850505595; 809273857; 1986304261; 1350114700; 254989835; 3680996; 1498919565; 977906889; 1078226461; 1466097163; 333369068; 1732401464; 1041599123; 1443010437; 1178080425; 742745821; 1501644305; 1379381400; 941761340; 245388185; 1843809918; 705322005; 1043821361; 61762028; 1937143651; 89454180; 2030094744; 1613089979; 1030996; 815710364; 1632291689; 1115663076; 1053320940; 1131464305; 480280688; 558623104; 152033174; 1588394354; 816750097; 515136899; 1286111817; 989847257; 422759462; 1274004648; 1882546866; 205836804; 888338345; 354939440; 577378206; 173160902; 1743606464; 354316661; 1252994488; 1907844263; 1171302125; 903007899; 1441618732; 1056631997; 1577342739; 1067145292; 104459801; 638239107; 2084848312; 554423437; 23441758; 1411029579; 1489763593; 2136611202; 1244274825; 509137028; 1546876772; 635488720; 2017626322; 431113150; 1313653609; 1098882632; 1704694489; 1139481575; 93291109; 686976037; 1440521361; 52577914; 148863557; 23376734; 537527392; 211258049; 76007844; 1669032889; 1493130080; 1642972700; 1552412664; 1634104577; 548470097; 1442997406; 1817975527; 1175629422; 1423601139; 489468531; 668899667; 2009921343; 543131134; 852443421; 2088916547; 704650773; 589097573; 1326251515; 182688877; 1364586905; 1910622201; 1881917470; 810161513; 1999559502; 370520126; 897939321; 619438120; 931055790; 1561451413; 2081644767; 377309253; 425131697; 708160744; 1592856265; 1664488801; 652090453; 532485415; 1353261110; 697941577; 1261640068; 1226597728; 127343373; 1832196462; 1459094607; 317132315; 946106284; 930097744; 1034512138; 766514821; 2062777803; 641307721; 823681421; 151152302; 549718322; 1575247358; 1724716869; 944507461; 1065827492; 2017021843; 