function [x] = randValue()
x = [ 1460807337; 1668940380; 1289030667; 867372426; 1567922259; 1246800406; 1306427689; 1867692918; 312503374; 1579016173; 211232094; 1130636246; 562644464; 535847932; 1994142485; 341153394; 1240488454; 1919733708; 278194348; 193108846; 900454567; 20205848; 1290682654; 1332001693; 577030834; 1901304859; 54304299; 1235337383; 1622274563; 649929754; 1694029120; 313220690; 1804170648; 2034490937; 406893999; 413534033; 2020166021; 1125578289; 1622370500; 1031922164; 381536512; 611998241; 1975659380; 419116371; 1794571547; 2087354883; 1254199963; 272804825; 649861137; 1618279434; 1227151094; 229652024; 1893300766; 1307013447; 1722327402; 85792707; 647349293; 234283257; 1985633363; 1867871276; 1248353621; 1364841612; 366405; 1174074628; 210312337; 400907962; 538528169; 896959605; 1554343756; 977970309; 1326152133; 1546944610; 1050401283; 1960035166; 1186370150; 1096605517; 139786494; 319466461; 509320699; 451859569; 1142972110; 1113292856; 1671633792; 1320041660; 1951300515; 1143435369; 1784390757; 1145063390; 1033322075; 1617078278; 1203266582; 1619331525; 1305517338; 1073324608; 1246379507; 1595680496; 326435364; 772936628; 1253672660; 298531608; 214788412; 1863008015; 618631093; 402301753; 38841543; 305538264; 1749801274; 1572768786; 409075490; 883947436; 1308827587; 1199159860; 140320401; 263715062; 1361006214; 2001730234; 1395650589; 65240511; 288531077; 469184846; 1672034723; 1179120661; 442334456; 52300550; 1050557672; 1455828747; 404603986; 1483316127; 2075358881; 1402262828; 1064416420; 1435569570; 370173020; 590355369; 1906190373; 577612614; 587236753; 767756938; 635961341; 343494646; 1798180267; 771466300; 282282196; 1516033579; 1620351297; 1248180271; 888088296; 1320140071; 504399589; 1324016879; 74102534; 486118317; 1036457581; 1660736948; 1137567219; 196677976; 1872729940; 257216978; 67195606; 559099497; 2107871872; 2026960203; 260602874; 641815133; 1778385901; 501698777; 1031052520; 1834898217; 553932955; 212642020; 144472407; 357026478; 125737697; 913423760; 565120849; 1990667178; 960826943; 1561073282; 806378623; 1304053068; 1761978900; 2070288979; 1528470428; 77394373; 347245519; 124002397; 510525574; 127910614; 57895675; 1107149467; 1576267728; 1900838192; 2012385221; 310022469; 407712507; 591811091; 822160687; 620738975; 1914372420; 30825432; 689806909; 850329972; 1760161572; 1250172848; 127918006; 1027190897; 1341427865; 390892176; 422191435; 1386718133; 189971827; 1547186909; 1567229891; 1122014790; 790619949; 613605778; 1911339312; 1729420962; 987401931; 2062198311; 1008220803; 1848702357; 573502186; 1608695326; 1343331942; 1779007822; 2044271592; 1051557295; 1731120680; 916031556; 832053804; 605380631; 1428750869; 528123547; 234379781; 1812301199; 774679880; 1110068476; 1082390075; 874502274; 1420262507; 1232582177; 1749546643; 23389470; 210175574; 1333722993; 369569671; 1935557442; 342807277; 2132084060; 2137261202; 1345736034; 1497298855; 609494317; 1045478294; 2020695140; 625849267; 1730832255; 1859983091; 1092016854; 1950898023; 884533285; 305342834; 1131433721; 1736535339; 289652278; 2043735036; 838659163; 169233773; 160217134; 2088721902; 399499566; 849226963; 527685921; 1102483111; 1407341312; 1193190332; 1086137370; 2005175824; 1330044716; 1840507394; 1715135960; 1033530227; 1362057192; 1007319350; 1131776791; 1891314316; 363650041; 1154143418; 842096079; 580470546; 965814152; 772104400; 2079731334; 327705602; 1119554909; 1392831255; 40592208; 719801853; 1341143806; 1475735092; 2025966709; 535381124; 1912483204; 508443332; 1378654847; 84776140; 1452890682; 747585467; 416236147; 1204946820; 2069031638; 845500075; 1929961225; 513235430; 955566915; 228932642; 752797788; 1923833400; 1190888534; 1063541678; 2068955894; 1390160347; 1808938175; 1390934364; 105323097; 1568058132; 329498221; 1819077157; 1005749962; 603959431; 699638682; 91297901; 1236625723; 252113892; 373776884; 614857851; 1740322528; 1863745987; 836109679; 1930088754; 461512679; 420042406; 999159022; 1153109520; 915852717; 2138275157; 722486021; 215412605; 1599306859; 1649422903; 1465078325; 1429452875; 2115937892; 480682581; 16447498; 174531042; 1117561619; 1985671268; 1831285530; 208361089; 1512976145; 1950297913; 1577094887; 1379578161; 46870904; 237794299; 517252017; 2116068369; 1914938679; 383962190; 1504659780; 421201507; 523595621; 1129224695; 866433097; 1499597544; 1071430535; 1880438584; 1937995683; 1837321092; 461835046; 115671495; 1125429327; 490679105; 77026089; 1121089229; 1356256302; 1443558109; 835769975; 449801573; 319160477; 884871253; 82704068; 1106511719; 1275698833; 16385634; 1085290810; 1817673400; 1322091754; 1226147938; 1514963247; 850571393; 881440898; 1064030258; 676071094; 274818157; 1218270689; 846803230; 1852984706; 2135280936; 1848286295; 1539027876; 1125454319; 227945794; 1668890; 1653734547; 952334823; 249086387; 189110466; 500428081; 555763042; 1038349692; 836877811; 1965702391; 1611213416; 56828340; 590038679; 1629578809; 1597841977; 633272061; 381810700; 1528408308; 460346523; 592620055; 910470967; 1486215284; 1596809922; 1676259623; 1144223190; 653739128; 1335259366; 1471851507; 1299387389; 986522496; 319294390; 1119150736; 1894757254; 582987011; 2141354429; 479581544; 1530902733; 554104305; 36339612; 1971645235; 1097459802; 1477505801; 1560667410; 430468769; 1436056999; 830325190; 1851008866; 2017223319; 48482810; 852815070; 1940635618; 858595791; 643921100; 727868205; 146012900; 1184250406; 1444925286; 1737148991; 336775042; 1786789302; 841350381; 527689464; 716809223; 260024481; 838317245; 1821614709; 1676757046; 1923617562; 1319385190; 322403622; 1748311718; 864442477; 733998803; 151962018; 441297946; 1786222121; 1889731709; 1913182840; 526817125; 1479862067; 547824467; 376216746; 1242300783; 923651515; 1765004587; 1388452572; 547611444; 115454464; 1297258480; 214273505; 558781151; 2079576816; 533074910; 1260297515; 2140682522; 696593886; 618455263; 275697494; 1124759608; 969356438; 1606406479; 204033940; 439148422; 680044961; 653911193; 852988530; 1612908994; 1581939287; 1727972419; 843545251; 2014133828; 157764183; 253857960; 1298437953; 641817630; 1599358105; 636203223; 1970292668; 226835930; 1326735512; 15227120; 1965375643; 329440871; 1631198874; 1388342723; 350881411; 1847397598; 1701239204; 882954433; 647288066; 2044977138; 909216032; 1866256022; 803443585; 1889553301; 179080203; 996891305; 1010853611; 256616169; 1363872982; 1126155242; 1077754117; 366951903; 1405383763; 1933513154; 664322507; 299424940; 152257576; 84345872; 1576792590; 486406998; 483893971; 1583394046; 1414181915; 1003006105; 350209338; 1466927270; 868162998; 134128907; 58761400; 1110454956; 1651122471; 1005411783; 1460446537; 1324031793; 319713402; 1588555855; 919301863; 1595662390; 388526179; 2032296890; 235272078; 26358927; 1388267344; 796054919; 1631057468; 1856286681; 632304282; 379649567; 1062873728; 75228394; 1789947741; 260467155; 1936772430; 1885234123; 259076140; 887868213; 34701054; 2058367882; 1136458703; 258660906; 297508026; 2134438936; 2086962738; 156515392; 1079444932; 797974429; 1584718361; 212608546; 1068115874; 1553115693; 1051919166; 478474067; 1370724407; 2095846609; 1622133673; 1043568772; 1174803167; 2111314646; 439064330; 1235004733; 1571168869; 11139184; 2073483973; 1913918322; 1853420054; 1861782815; 502752083; 616489575; 2123975885; 1183305030; 668469042; 1054086568; 579921569; 850997869; 791662254; 1710142712; 617096508; 1437440634; 323237325; 1390831158; 2069575954; 1759437234; 1292100882; 651189884; 581226221; 1589111606; 1298875700; 1551471531; 170183352; 1208208782; 2096125040; 1839737586; 1698202272; 316858050; 327809080; 1544973209; 128387417; 140765912; 529231486; 178156283; 1687044190; 924539493; 257420708; 211631844; 503460908; 2021552832; 1464322988; 2110984842; 364676396; 1794080812; 274903965; 719335233; 2076589488; 1518606747; 997160396; 1541423439; 1780555722; 1920472965; 1769044887; 1661788647; 1052076775; 1886337285; 1844569077; 884166083; 399499346; 1209603632; 1343619779; 